0  12.9240914  13.0259968   4.87264339   4348.7  phot  gamma  
1  12.8714552  13.0213519   4.85011612   4939  phot  gamma  
2  12.8725569  13.0218091   4.84932247   6197.97364  eBrem  e-  
3  12.8722828  13.0208858   4.85001822   11298.7168  eIoni  e-  
4  12.8722832  13.0208875   4.85002133   523.992737  eIoni  e-  
5  12.8735418  13.0218178   4.84947125   4347  phot  gamma  
6  12.8735432  13.0218167   4.84947091   158.616811  eIoni  e-  
7  12.9243245  13.0275617   4.87188063   5290.27313  eIoni  e-  
8  12.9262931  13.0280986   4.87199639   3488.93631  eIoni  e-  
9  12.9279537  13.0291667   4.87240931   2683.65689  eIoni  e-  
10  12.9279693  13.0296713   4.8726267   1316.21898  eIoni  e-  
11  12.9262022  13.0301058   4.8720755   2233.07351  eIoni  e-  
12  12.9259677  13.0319324   4.87280872   2516.07064  eIoni  e-  
13  12.9277481  13.0315552   4.87214776   4207.83033  eIoni  e-  
14  12.9280318  13.0325884   4.87240136   5569.32202  eIoni  e-  
15  12.9281918  13.0334164   4.87409641   2619.20275  eIoni  e-  
16  12.9291403  13.0337713   4.87292856   5102.61097  eIoni  e-  
17  12.9293058  13.0354133   4.87339496   4184.47821  eIoni  e-  
18  12.9279963  13.0353144   4.87331215   6842.27106  eIoni  e-  
19  12.9279156  13.0352236   4.87332578   9462.64527  eIoni  e-  
20  12.9280141  13.0352985   4.87332561   3177.58077  eIoni  e-  
21  12.9279156  13.0296374   4.87268731   7534.49611  eIoni  e-  

0  19.7336287  1.55430151   4.580549   670.8  phot  gamma  
1  19.7464243  1.52073334   4.51044135   4022  phot  gamma  
2  19.7476701  1.52141484   4.50937591   2949.62694  eIoni  e-  
3  19.7491186  1.52169041   4.51025659   4890.2577  eIoni  e-  
4  19.7480557  1.52187787   4.51007805   8435.96656  eIoni  e-  
5  19.7480278  1.52185147   4.51012578   5742.3488  eIoni  e-  
6  19.7340863  1.55486569   4.58077392   888.6968  eIoni  e-  
7  19.7354556  1.55564268   4.58070007   689.833622  eIoni  e-  
8  19.7358574  1.55616964   4.58228712   1791.42201  eIoni  e-  
9  19.7365009  1.55758197   4.58356531   3484.82289  eIoni  e-  
10  19.7361817  1.55813719   4.58265045   579.604179  eIoni  e-  
11  19.7361313  1.55829027   4.5825671   270.344616  eIoni  e-  
12  19.736098  1.55967685   4.58248275   3262.29614  eIoni  e-  
13  19.7343829  1.55971377   4.58197766   4890.16732  eIoni  e-  
14  19.7356769  1.55867105   4.58173788   1868.57447  eIoni  e-  
15  19.7370706  1.55840546   4.58196915   4657.93943  eIoni  e-  
16  19.7361018  1.55776624   4.58349926   9040.67064  eIoni  e-  
17  19.7362358  1.55835204   4.58510139   3584.58695  eIoni  e-  
18  19.7353504  1.55898471   4.58460318   8202.83075  eIoni  e-  
19  19.7352802  1.55894578   4.58462608   7246.38672  eIoni  e-  
20  19.7362123  1.55839738   4.58507708   5439.56643  eIoni  e-  
21  19.7340841  1.55496875   4.58075238   8572.19248  eIoni  e-  

0  10.7227993  9.07454198   3.57419422   4348.7  phot  gamma  
1  10.7250149  9.07701208   3.55964108   3558.4  phot  gamma  
2  10.7103068  8.87741593   3.65629679   4939  phot  gamma  
3  10.7092043  8.87869642   3.65645375   9077.07479  eIoni  e-  
4  10.7091993  8.87869289   3.65633802   9136.52521  eIoni  e-  
5  10.7250169  9.07700951   3.5596444   754.3  eIoni  e-  
6  10.7210362  9.07364633   3.57291628   3695.68217  eIoni  e-  
7  10.7192778  9.07236304   3.57289263   2291.39552  eIoni  e-  
8  10.7205091  9.07328135   3.57259266   875.649636  eIoni  e-  
9  10.7217002  9.07328872   3.57103404   1845.92246  eIoni  e-  
10  10.7216636  9.07176899   3.56955638   2063.36432  eIoni  e-  
11  10.7206303  9.07267069   3.56778153   2304.84962  eIoni  e-  
12  10.7215293  9.07196098   3.56606747   4042.18584  eIoni  e-  
13  10.7226291  9.07305317   3.56452679   1525.79654  eIoni  e-  
14  10.7237418  9.07357671   3.56313979   2234.30488  eIoni  e-  
15  10.7235392  9.07396852   3.56102624   3211.12769  eIoni  e-  
16  10.7246938  9.07375505   3.55946132   2705.37789  eIoni  e-  
17  10.7253826  9.07377917   3.55928524   1242.19251  eIoni  e-  
18  10.7266603  9.07408285   3.55939276   4529.54337  eIoni  e-  
19  10.727589  9.07362323   3.56111775   4081.21686  eIoni  e-  
20  10.7273334  9.07341717   3.56138825   1218.91656  eIoni  e-  
21  10.7261673  9.07353355   3.56143953   3743.7437  eIoni  e-  
22  10.7251824  9.07421121   3.56219783   9366.35275  eIoni  e-  
23  10.7246184  9.07487524   3.56273243   8553.76299  eIoni  e-  
24  10.7247061  9.07579893   3.56303676   11744.2144  eIoni  e-  
25  10.724704  9.07579854   3.56303986   559.903588  eIoni  e-  
26  10.7273255  9.07340021   3.56141524   3693.42507  eIoni  e-  
27  10.7256694  9.07401907   3.55902738   5177.95677  eIoni  e-  
28  10.725703  9.07400403   3.55906037   4978.65411  eIoni  e-  
29  10.7205431  9.07326435   3.5726118   4500.46073  eIoni  e-  

0  10.7940736  9.87194674   3.1461295   825  compt  gamma  
1  11.3730896  7.55869553   2.00120135   26711  phot  gamma  
2  11.3717374  7.55793664   1.99979609   1757.87221  eIoni  e-  
3  11.3703597  7.55665041   1.99886283   4129.07279  eIoni  e-  
4  11.369162  7.55570657   1.99740802   3593.14198  eIoni  e-  
5  11.3681184  7.55636277   1.99571999   2553.98844  eIoni  e-  
6  11.3662184  7.55669042   1.99480584   1418.74938  eIoni  e-  
7  11.3651542  7.55481348   1.99495069   3435.12149  eIoni  e-  
8  11.363983  7.55494998   1.99316766   2989.63831  eIoni  e-  
9  11.3625492  7.55455358   1.99182249   4963.23031  eIoni  e-  
10  11.3624702  7.55396234   1.99030956   2430.17037  eIoni  e-  
11  11.3632258  7.55488935   1.98883204   3668.8264  eIoni  e-  
12  11.3638775  7.55505246   1.99051367   3132.78364  eIoni  e-  
13  11.3641141  7.55462011   1.99250405   1692.78506  eIoni  e-  
14  11.3637297  7.55342856   1.99369573   3269.6458  eIoni  e-  
15  11.3636531  7.55172492   1.99288617   5148.38923  eIoni  e-  
16  11.3627887  7.55111652   1.99339055   7277.93976  eIoni  e-  
17  11.3620492  7.55034342   1.99302163   4683.92226  eIoni  e-  
18  11.3619752  7.55041293   1.99221735   6102.70241  eIoni  e-  
19  11.3623706  7.54937382   1.99275427   12405.9589  eIoni  e-  
20  11.3623562  7.54939811   1.9928145   6089.36772  eIoni  e-  
21  10.7940382  9.87211501   3.14599561   13720.6936  eIoni  e-  

0  3.00120183  5.34984832   4.66821867   4348.7  phot  gamma  
1  2.95250845  5.37083544   4.57133406   3753.9  phot  gamma  
2  2.95567477  5.36517588   4.6271187   4022  phot  gamma  
3  2.95576084  5.36514543   4.62855262   7648.16551  eIoni  e-  
4  2.95555244  5.36508126   4.62949163   7336.08163  eIoni  e-  
5  2.95555427  5.36504568   4.62949358   3950.85285  eIoni  e-  
6  2.95250752  5.37083854   4.57133741   754.3  eIoni  e-  
7  3.00145119  5.34946732   4.66628808   3340.70415  eIoni  e-  
8  3.00095397  5.34811648   4.66595931   4962.14032  eIoni  e-  
9  3.00189505  5.34704083   4.66666495   4610.23317  eIoni  e-  
10  3.00177989  5.34615182   4.66838997   5049.05909  eIoni  e-  
11  3.00223586  5.34649486   4.66986779   6799.22925  eIoni  e-  
12  3.00266486  5.34578282   4.67007874   3820.22594  eIoni  e-  
13  3.00275752  5.3458296   4.67008285   8492.63685  eIoni  e-  
14  3.00266699  5.34577539   4.67017092   7829.22809  eIoni  e-  

0  3.35395705  19.8395987   4.56303241   3558.4  phot  gamma  
1  3.35696283  19.8346199   4.55295395   4022  phot  gamma  
2  3.35671253  19.8343449   4.55369974   8288.4644  eIoni  e-  
3  3.35643168  19.8341752   4.55349257   3039.95366  eIoni  e-  
4  3.35646296  19.8341674   4.55346136   4665.58326  eIoni  e-  
5  3.35641713  19.8341534   4.55348609   3136.59868  eIoni  e-  
6  3.35372123  19.8408313   4.56177358   957.803037  eIoni  e-  
7  3.35432782  19.8420921   4.56115237   4351.75912  eIoni  e-  
8  3.35434656  19.8410241   4.56241822   2917.35719  eIoni  e-  
9  3.35418844  19.842057   4.56327136   1645.50723  eIoni  e-  
10  3.35415737  19.8424926   4.563903   5577.61333  eIoni  e-  
11  3.35429264  19.8417411   4.56443015   6747.4824  eIoni  e-  
12  3.35436498  19.8417588   4.56437551   7820.13494  eIoni  e-  
13  3.35429193  19.8417188   4.5644219   2858.33396  eIoni  e-  
14  3.35413464  19.8422437   4.56322049   854.230877  eBrem  e-  
15  3.35408358  19.8422227   4.56323858   5539.66625  eIoni  e-  
16  3.35390772  19.8424381   4.56347122   775  phot  gamma  
17  3.35391765  19.8424217   4.5634797   2616.97917  eIoni  e-  

0  9.0396983  10.1535523   4.78252819   31814  phot  gamma  
1  9.04106889  10.1535283   4.78060283   1278.70745  eIoni  e-  
2  9.03955338  10.1549037   4.7793743   3055.15879  eIoni  e-  
3  9.03767855  10.1549173   4.78083025   1938.3612  eIoni  e-  
4  9.03551815  10.1552818   4.78102992   2575.67144  eIoni  e-  
5  9.03489968  10.1554473   4.78058305   798.812073  eIoni  e-  
6  9.03471725  10.1576333   4.78006498   3709.65225  eIoni  e-  
7  9.03604934  10.1582481   4.7806884   1221.82227  eIoni  e-  
8  9.03662642  10.1566245   4.78174946   741.50724  eIoni  e-  
9  9.03599247  10.1557587   4.78246758   754.805192  eIoni  e-  
10  9.03446241  10.1555296   4.78294788   1717.71133  eIoni  e-  
11  9.0343422  10.1568031   4.78140994   2139.3571  eIoni  e-  
12  9.0358484  10.1559441   4.78123157   4827.55443  eIoni  e-  
13  9.03592371  10.1559518   4.7812634   257.730884  eIoni  e-  
14  9.03701191  10.1560698   4.78242647   2534.93989  eIoni  e-  
15  9.03731555  10.1563506   4.78257568   511.520739  eIoni  e-  
16  9.03892151  10.1567325   4.78270457   4077.06381  eIoni  e-  
17  9.0390984  10.1574923   4.78196491   2351.65557  eIoni  e-  
18  9.03909692  10.1562167   4.78094318   2353.58621  eIoni  e-  
19  9.03877546  10.1559245   4.78133086   3236.39779  eIoni  e-  
20  9.03847321  10.1563627   4.78240191   7975.65034  eIoni  e-  
21  9.03836961  10.1566575   4.78172742   4677.13853  eIoni  e-  
22  9.0384499  10.1566217   4.7817655   8026.78928  eIoni  e-  
23  9.03839847  10.1566731   4.78167713   5664.79193  eIoni  e-  
24  9.03740681  10.1563825   4.78251724   8983.50147  eIoni  e-  
25  9.03591845  10.1559566   4.78128939   3130.85452  eIoni  e-  
26  9.03603718  10.1582674   4.78070886   3478.19794  eIoni  e-  
27  9.0348106  10.1553725   4.78067929   972.07985  eIoni  e-  
28  9.03486135  10.1553242   4.78072306   7194.98048  eIoni  e-  

0  19.858647  15.6036679   3.24333009   4348.7  phot  gamma  
1  19.8608265  15.6156274   3.21516083   95.2  phot  gamma  
2  19.9020319  15.5466713   3.24141897   4939  phot  gamma  
3  19.9005807  15.5459745   3.24218897   9565.63791  eIoni  e-  
4  19.8994892  15.5454537   3.24167259   11054.4094  eIoni  e-  
5  19.8994881  15.5454492   3.24167751   1056.75273  eIoni  e-  
6  19.8608237  15.6156285   3.21515729   754.3  eIoni  e-  
7  19.8579954  15.6032647   3.24255189   5988.07594  eIoni  e-  
8  19.8565897  15.6027141   3.24169956   9152.00449  eIoni  e-  
9  19.8566743  15.6026138   3.2416371   10556.8384  eIoni  e-  

0  0.503472406  8.60349854   0.280200847   4348.7  phot  gamma  
1  0.39741434  8.62126972   0.0884977793   3753.9  phot  gamma  
2  0.522218828  8.64811659   0.161879731   4022  phot  gamma  
3  0.52113653  8.64896475   0.162924586   5850.15921  eIoni  e-  
4  0.520100614  8.64937362   0.162380677   8751.19838  eIoni  e-  
5  0.520093579  8.64940656   0.162402908   4333.74241  eIoni  e-  
6  0.39741398  8.62126575   0.0885001562   754.3  eIoni  e-  
7  0.504795324  8.60434091   0.279317996   4043.26757  eIoni  e-  
8  0.505588564  8.60534155   0.280737949   3598.59064  eIoni  e-  
9  0.50409735  8.60510383   0.281383162   5568.0065  eIoni  e-  
10  0.504458398  8.60641227   0.28045444   7224.03612  eIoni  e-  
11  0.50570068  8.60683991   0.281603546   10392.5435  eIoni  e-  
12  0.505652716  8.60702364   0.281575435   12609.5556  eIoni  e-  

0  9.27952467  9.70096288   2.43514302   4348.7  phot  gamma  
1  9.33004183  9.71132454   2.47603096   4939  phot  gamma  
2  9.32889318  9.71134147   2.47577425   3863.15469  eIoni  e-  
3  9.32997872  9.71191049   2.47602576   8175.25889  eIoni  e-  
4  9.33047754  9.71241381   2.47604399   9219.56573  eIoni  e-  
5  9.33047171  9.71242004   2.47604389   1268.32069  eIoni  e-  
6  9.27930072  9.70229111   2.43453902   3698.77167  eIoni  e-  
7  9.2799801  9.70390703   2.43321713   2314.68554  eIoni  e-  
8  9.28011055  9.70509851   2.43478918   1025.65348  eIoni  e-  
9  9.28079802  9.70576505   2.43663609   2381.74305  eIoni  e-  
10  9.28079914  9.70622901   2.43867014   2450.5414  eIoni  e-  
11  9.28242203  9.70598251   2.43978728   3152.72797  eIoni  e-  
12  9.28300101  9.70622811   2.43962142   323.785659  eIoni  e-  
13  9.28326375  9.70828194   2.43953176   2694.99346  eIoni  e-  
14  9.28322576  9.70958864   2.4411136   3308.88498  eIoni  e-  
15  9.28393691  9.71014269   2.44162483   1396.53901  eIoni  e-  
16  9.2842795  9.71089436   2.4428112   3317.28458  eIoni  e-  
17  9.28514371  9.71232622   2.44265978   2824.82036  eIoni  e-  
18  9.28559406  9.71329199   2.44379966   2071.31625  eIoni  e-  
19  9.28585323  9.71495392   2.44411065   2468.31827  eIoni  e-  
20  9.28602677  9.71533965   2.44353635   1242.82805  eIoni  e-  
21  9.28642502  9.71542117   2.44335633   1481.98274  eIoni  e-  
22  9.28682902  9.71621574   2.44332096   3454.92017  eIoni  e-  
23  9.28668929  9.71594566   2.44221868   4018.94  eIoni  e-  
24  9.28689826  9.71525999   2.44362763   4124.37227  eIoni  e-  
25  9.28639717  9.71604967   2.44310899   3862.4535  eIoni  e-  
26  9.28642679  9.71562051   2.44365145   4971.14932  eIoni  e-  
27  9.28646893  9.71566453   2.44372126   7838.52106  eIoni  e-  
28  9.28644819  9.71562884   2.44363602   3197.47641  eIoni  e-  
29  9.28645326  9.71540807   2.44335767   3528.07072  eIoni  e-  
30  9.2860749  9.71530496   2.443548   5692.13542  eIoni  e-  
31  9.28387519  9.71011502   2.44172392   9344.76893  eIoni  e-  
32  9.27933401  9.70228513   2.43452602   3998.31574  eIoni  e-  

0  5.15913147  16.2429927   4.855509   4348.7  phot  gamma  
1  5.12245184  16.2250984   4.87667672   155.77  phot  gamma  
2  5.12198629  16.2247646   4.87872781   4022  phot  gamma  
3  5.12198664  16.2247619   4.87873166   761.23  eIoni  e-  
4  5.12279066  16.2239615   4.87766472   4516.06511  eIoni  e-  
5  5.12289741  16.2230793   4.87773798   5414.21537  eIoni  e-  
6  5.12296815  16.2230208   4.8776504   9688.34193  eIoni  e-  
7  5.12287733  16.2230715   4.87772664   2907.67759  eIoni  e-  
8  5.16068199  16.2414913   4.85550989   5057.1753  eIoni  e-  
9  5.15870723  16.241507   4.85557785   5114.57298  eIoni  e-  
10  5.15759819  16.2426484   4.85576847   3806.35717  eIoni  e-  
11  5.15802213  16.2430028   4.85614666   2104.32784  eIoni  e-  
12  5.15700903  16.2428632   4.8576771   3324.61846  eIoni  e-  
13  5.15696855  16.2434498   4.85924098   5666.89024  eIoni  e-  
14  5.15533668  16.2442213   4.85976419   2740.7827  eIoni  e-  
15  5.15561378  16.2436461   4.85829036   2784.74378  eIoni  e-  
16  5.15444476  16.2428258   4.85743771   6848.06667  eIoni  e-  
17  5.15289473  16.2428599   4.85788298   4909.49947  eIoni  e-  
18  5.15190145  16.2437271   4.8581033   5762.07027  eIoni  e-  
19  5.15316058  16.2433109   4.85782374   10164.0009  eIoni  e-  
20  5.15316073  16.2433168   4.85781763   1263.11529  eIoni  e-  
21  5.15804291  16.2429688   4.85612204   4798.98849  eIoni  e-  

0  11.457167  1.92323957   4.95962463   4627.2  phot  gamma  
1  11.4597095  1.92310833   4.95980073   635.6  phot  gamma  
2  11.541113  1.91922392   4.89565284   4939  phot  gamma  
3  11.5419793  1.91821899   4.89585116   5287.9013  eIoni  e-  
4  11.5428422  1.91719002   4.89669133   11724.5874  eIoni  e-  
5  11.542855  1.91721563   4.89671588   4123.91127  eIoni  e-  
6  11.4597084  1.92311027   4.95979833   475.8  eIoni  e-  
7  11.458002  1.9245211   4.9594117   8745.19999  eIoni  e-  
8  11.4591668  1.92540283   4.95913032   9545.28269  eIoni  e-  
9  11.4591974  1.92536762   4.95912666   4795.42188  eIoni  e-  

0  6.62837544  19.9348494   0.756408462   4348.7  phot  gamma  
1  6.63947418  19.9273079   0.791125703   26711  phot  gamma  
2  6.6394778  19.9273104   0.791124079   754.3  eIoni  e-  
3  6.62961465  19.9348249   0.755077187   8799.39762  eIoni  e-  
4  6.62842581  19.9351615   0.756065238   10983.6655  eIoni  e-  
5  6.62842839  19.935109   0.756087368   5471.05503  eIoni  e-  

0  9.38683791  10.317384   4.85228141   4627.2  phot  gamma  
1  9.3868193  10.3169777   4.85263582   3558.4  phot  gamma  
2  9.38681719  10.3169794   4.85263766   475.8  eIoni  e-  
3  9.3870207  10.3194471   4.8511792   2817.53735  eIoni  e-  
4  9.38799094  10.3192283   4.85307773   2139.03741  eIoni  e-  
5  9.38977789  10.3192502   4.8538681   4646.99432  eIoni  e-  
6  9.39197948  10.3188493   4.85452166   1338.16276  eIoni  e-  
7  9.39319948  10.3176102   4.8549634   4386.31102  eIoni  e-  
8  9.39259377  10.3155217   4.85549178   2662.22437  eIoni  e-  
9  9.39175503  10.3134743   4.8550831   4290.08321  eIoni  e-  
10  9.39215704  10.3127619   4.85351329   4536.43894  eIoni  e-  
11  9.39365488  10.3117548   4.85264576   4004.51451  eIoni  e-  
12  9.39367417  10.3102261   4.85192238   2372.70123  eIoni  e-  
13  9.39268608  10.3089318   4.851156   5895.74977  eIoni  e-  
14  9.39438396  10.3081427   4.85053117   4221.35792  eIoni  e-  
15  9.39560824  10.3070339   4.84990083   3661.72306  eIoni  e-  
16  9.3954792  10.3066417   4.84998118   778.192872  eIoni  e-  
17  9.39623976  10.3071299   4.84918876   5420.70396  eIoni  e-  
18  9.39592158  10.3069741   4.84916447   938.867647  eIoni  e-  
19  9.39491171  10.3074977   4.85015781   11487.4094  eIoni  e-  
20  9.39492158  10.3074995   4.85016804   1985.61878  eIoni  e-  
21  9.39595252  10.3069373   4.84910793   6612.0031  eIoni  e-  
22  9.39518042  10.3067316   4.84899295   10198.1551  eIoni  e-  
23  9.39518154  10.3067324   4.84899279   31.9138481  eIoni  e-  
24  9.39559462  10.3069929   4.84985706   5760.2995  eIoni  e-  

0  10.0396921  9.33692944   1.89466206   4348.7  phot  gamma  
1  9.9662678  9.41439785   1.99156344   3558.4  phot  gamma  
2  9.65584787  9.38421969   1.778491   4022  phot  gamma  
3  9.65491804  9.38436198   1.77892739   8062.274  eIoni  e-  
4  9.6548663  9.38450973   1.77893399   11068.326  eIoni  e-  
5  9.9662642  9.41439524   1.99156479   754.3  eIoni  e-  
6  10.041747  9.33691014   1.89337409   2951.08593  eIoni  e-  
7  10.0415334  9.33823035   1.89505268   3983.80007  eIoni  e-  
8  10.0414847  9.34019898   1.89521003   1742.28528  eIoni  e-  
9  10.0411539  9.3422584   1.89616546   1425.04265  eIoni  e-  
10  10.040879  9.34405185   1.89720156   2915.74027  eIoni  e-  
11  10.0414135  9.34550009   1.89800057   3128.83393  eIoni  e-  
12  10.0410885  9.34477305   1.89989   2865.40079  eIoni  e-  
13  10.0395495  9.34413625   1.89988737   4333.45328  eIoni  e-  
14  10.0390083  9.34260254   1.90104889   2963.84028  eIoni  e-  
15  10.0382088  9.34116389   1.90134725   3102.49502  eIoni  e-  
16  10.037004  9.34002177   1.90243757   2867.45823  eIoni  e-  
17  10.0360567  9.34020546   1.90403185   2900.13194  eIoni  e-  
18  10.0344525  9.34032736   1.90486439   3505.42195  eIoni  e-  
19  10.0358767  9.34068623   1.90608697   1556.81635  eIoni  e-  
20  10.0374977  9.34048473   1.90697258   5670.17183  eIoni  e-  
21  10.0385298  9.33922227   1.90651352   5110.29415  eIoni  e-  
22  10.0393927  9.33838604   1.90679699   3975.74122  eIoni  e-  
23  10.0393563  9.33890849   1.90863909   6653.10384  eIoni  e-  
24  10.038948  9.33842051   1.90936307   6892.46655  eIoni  e-  
25  10.0394567  9.33929648   1.90860157   6948.80804  eIoni  e-  
26  10.0394899  9.33918461   1.90813111   3570.9802  eIoni  e-  
27  10.0394978  9.33915415   1.90812474   3619.71817  eIoni  e-  
28  10.0394658  9.33917789   1.90813756   3035.85301  eIoni  e-  
29  10.0410808  9.3448082   1.8999119   4467.05701  eIoni  e-  

0  9.23415989  10.0512415   4.63591192   3753.9  phot  gamma  
1  9.21127998  10.0629026   4.64896895   4939  phot  gamma  
2  9.21143482  10.0630711   4.64747165   9387.05015  eIoni  e-  
3  9.21153839  10.0630486   4.64748085   8631.04985  eIoni  e-  
4  9.23420526  10.0512465   4.63578935   129.21444  eIoni  e-  
5  9.23297149  10.0508667   4.63491449   2802.52979  eIoni  e-  
6  9.23266723  10.0513882   4.63297483   5933.14134  eIoni  e-  
7  9.23121108  10.0518416   4.63290686   3098.24144  eIoni  e-  
8  9.23145167  10.0523738   4.63248207   1724.53449  eIoni  e-  
9  9.23226282  10.0510615   4.63305881   6587.68273  eIoni  e-  
10  9.23282157  10.0523848   4.63219405   13163.4245  eIoni  e-  
11  9.23280311  10.0523998   4.63220431   3041.21953  eIoni  e-  
12  9.23142732  10.0525638   4.63256163   13273.9415  eIoni  e-  
13  9.23453777  10.0517979   4.63419643   3715.77579  eIoni  e-  
14  9.23610896  10.0507441   4.63468751   2691.17058  eIoni  e-  
15  9.23708616  10.0507832   4.63329673   7957.2428  eIoni  e-  
16  9.23807045  10.0501201   4.63384241   6477.20756  eIoni  e-  
17  9.23861463  10.0503163   4.63503343   7796.09525  eIoni  e-  
18  9.23860503  10.0503077   4.63525741   1447.70444  eIoni  e-  
19  9.23889901  10.0506092   4.63674382   12362.1076  eIoni  e-  
20  9.2388981  10.0506102   4.63674368   44.3497369  eIoni  e-  
21  9.23859256  10.0503138   4.63527934   3043.41652  eIoni  e-  

0  9.30459033  9.87876241   4.39152396   4348.7  phot  gamma  
1  9.19728415  9.91630711   4.46259979   670.8  phot  gamma  
2  9.20074653  9.87393181   4.45262188   4022  phot  gamma  
3  9.20048409  9.87433298   4.45219679   3031.61398  eIoni  e-  
4  9.19921951  9.87448702   4.45135856   8706.00553  eIoni  e-  
5  9.19924902  9.87451391   4.45129416   6719.79406  eIoni  e-  
6  9.20048927  9.87432502   4.45216677   3560.78644  eIoni  e-  
7  9.19727952  9.91630685   4.46260008   754.3  eIoni  e-  
8  9.30529337  9.88082545   4.39254111   1794.31469  eIoni  e-  
9  9.30644348  9.88113682   4.3942217   1705.55497  eIoni  e-  
10  9.30869932  9.88161629   4.39422767   2730.03197  eIoni  e-  
11  9.30901627  9.88157268   4.3933973   732.378172  eIoni  e-  
12  9.309715  9.87992664   4.39240209   3911.61948  eIoni  e-  
13  9.30774141  9.87971418   4.39161017   4743.15864  eIoni  e-  
14  9.30724148  9.88146421   4.39115466   3292.46442  eIoni  e-  
15  9.30785121  9.8829133   4.39230502   3439.48776  eIoni  e-  
16  9.30888573  9.88410542   4.39311902   2150.43259  eIoni  e-  
17  9.31006107  9.88506763   4.3934003   3960.81398  eIoni  e-  
18  9.30990625  9.88557939   4.39542083   2859.73996  eIoni  e-  
19  9.30902215  9.88660878   4.3961859   1318.22957  eIoni  e-  
20  9.30805176  9.88818587   4.39651009   3118.6201  eIoni  e-  
21  9.30706219  9.8889213   4.39516768   4202.24105  eIoni  e-  
22  9.30636187  9.89009877   4.39371524   2986.62161  eIoni  e-  
23  9.3048931  9.8906635   4.39261251   3731.13637  eIoni  e-  
24  9.30472835  9.89064335   4.39242151   529.559801  eIoni  e-  
25  9.30311226  9.89082289   4.39324416   5331.62253  eIoni  e-  
26  9.30277953  9.8905053   4.39142743   4528.03394  eIoni  e-  
27  9.30271927  9.89055997   4.39130596   759.051197  eIoni  e-  
28  9.30272548  9.89211862   4.39182323   7490.27075  eIoni  e-  
29  9.30301941  9.89126544   4.39148984   7115.12252  eIoni  e-  
30  9.30303541  9.89124535   4.3915428   5588.09574  eIoni  e-  
31  9.3027722  9.89057132   4.39128862   5458.48679  eIoni  e-  
32  9.30903452  9.8816334   4.39335609   6708.91138  eIoni  e-  

0  9.28729334  9.80929699   4.03736965   3558.4  phot  gamma  
1  8.90616218  9.85848787   3.99104942   4939  phot  gamma  
2  8.90673676  9.85938489   3.99102899   5985.16846  eIoni  e-  
3  8.90705998  9.85944464   3.99080155   2257.46102  eIoni  e-  
4  8.90712861  9.85948388   3.99090822   9970.97052  eIoni  e-  
5  9.2873074  9.80931127   4.03736555   16.97  eIoni  e-  
6  9.28743528  9.81149569   4.03809445   2091.93651  eIoni  e-  
7  9.28548578  9.81171131   4.03841897   1665.47135  eIoni  e-  
8  9.285883  9.80996268   4.03978608   3624.15114  eIoni  e-  
9  9.2862929  9.80909749   4.03935395   626.915193  eIoni  e-  
10  9.28553105  9.80881721   4.03775635   3528.15742  eIoni  e-  
11  9.28553844  9.81046767   4.03780087   2008.8311  eIoni  e-  
12  9.28703475  9.80985666   4.03756856   3079.93195  eIoni  e-  
13  9.28695152  9.80798031   4.03765105   2370.57742  eIoni  e-  
14  9.28889026  9.80739064   4.03731638   5232.44177  eIoni  e-  
15  9.29002732  9.80631542   4.03713494   1245.72456  eIoni  e-  
16  9.29018769  9.80765569   4.03594014   4156.90631  eIoni  e-  
17  9.2884438  9.80807418   4.03596783   2114.85934  eIoni  e-  
18  9.28794503  9.80892951   4.03669686   7267.63182  eIoni  e-  
19  9.28790833  9.80962989   4.03687954   1815.04196  eIoni  e-  
20  9.28761222  9.80911123   4.03535858   2109.27126  eIoni  e-  
21  9.2864677  9.80971829   4.03538186   4753.06782  eIoni  e-  
22  9.28712568  9.8098443   4.0348198   3726.51274  eIoni  e-  
23  9.287203  9.81003484   4.03484935   13288.0026  eIoni  e-  
24  9.28645342  9.80969023   4.03536711   3870.34712  eIoni  e-  
25  9.28788574  9.80966272   4.03690235   4737.94661  eIoni  e-  
26  9.28630367  9.80912935   4.03931727   4998.09927  eIoni  e-  
27  9.28773172  9.80893115   4.03654508   13571.2775  eIoni  e-  
28  9.28771961  9.80890439   4.03654958   3388.92716  eIoni  e-  

0  11.9322053  11.2152638   4.9364795   4348.7  phot  gamma  
1  11.9164807  11.1908467   4.95795683   3753.9  phot  gamma  
2  11.9164761  11.1908478   4.95795697   754.3  eIoni  e-  
3  11.9324483  11.2169429   4.93736133   2174.48949  eIoni  e-  
4  11.9323359  11.2174392   4.93768873   859.178731  eIoni  e-  
5  11.9310592  11.2171809   4.938866   2943.91347  eIoni  e-  
6  11.9314114  11.2160662   4.93973625   1639.39406  eIoni  e-  
7  11.9304021  11.2147619   4.93975626   4405.70398  eIoni  e-  
8  11.9296307  11.213511   4.93959365   4696.8208  eIoni  e-  
9  11.9292471  11.2144722   4.9378768   4875.18574  eIoni  e-  
10  11.9282923  11.2145401   4.93927776   6669.17406  eIoni  e-  
11  11.9287443  11.2154252   4.9405169   7527.84547  eIoni  e-  
12  11.9287141  11.2157146   4.9400031   10372.9993  eIoni  e-  
13  11.9284182  11.2146289   4.94076006   7785.25059  eIoni  e-  
14  11.9284311  11.214629   4.94076573   1945.22171  eIoni  e-  
15  11.9323495  11.2174912   4.93764903   6109.44903  eIoni  e-  

0  10.9552558  9.37987977   2.37683157   3558.4  phot  gamma  
1  10.9556956  9.39640967   2.36224013   4939  phot  gamma  
2  10.9547723  9.39562553   2.36179932   5221.93039  eIoni  e-  
3  10.9542702  9.39496349   2.36136349   5281.62989  eIoni  e-  
4  10.9542927  9.39496652   2.36132576   4602.19166  eIoni  e-  
5  10.954254  9.39498157   2.36135256   3107.84806  eIoni  e-  
6  10.9534186  9.3795172   2.37545427   3856.68714  eIoni  e-  
7  10.9511107  9.37979397   2.37520246   2407.78662  eIoni  e-  
8  10.9508816  9.38126216   2.37701249   1333.56377  eIoni  e-  
9  10.9506925  9.38245915   2.37897612   3583.08547  eIoni  e-  
10  10.9489378  9.38347624   2.37999675   2744.3771  eIoni  e-  
11  10.9470437  9.38393379   2.38098698   4808.77928  eIoni  e-  
12  10.9481176  9.38314554   2.382783   2352.52993  eIoni  e-  
13  10.9479961  9.38215151   2.38389222   1178.65523  eIoni  e-  
14  10.9496882  9.38240295   2.38530523   3443.82682  eIoni  e-  
15  10.9508645  9.38183106   2.38705643   2569.86665  eIoni  e-  
16  10.9528023  9.38260447   2.38746893   2925.61302  eIoni  e-  
17  10.9539652  9.38192579   2.38682248   4278.05184  eIoni  e-  
18  10.9547738  9.38146889   2.38724113   915.552527  eIoni  e-  
19  10.9553324  9.38167249   2.38835366   6312.24149  eIoni  e-  
20  10.9553312  9.37998894   2.38936719   6305.1979  eIoni  e-  
21  10.9547967  9.37851778   2.39050262   7118.28499  eIoni  e-  
22  10.9561335  9.37804408   2.38943479   3145.50272  eIoni  e-  
23  10.9561791  9.37760727   2.39022162   4113.4058  eIoni  e-  
24  10.9562376  9.37766027   2.3902296   279.335516  eIoni  e-  
25  10.9562024  9.37770515   2.39057824   3371.26651  eIoni  e-  
26  10.9562174  9.37783864   2.39064119   10693.8492  eIoni  e-  
27  10.9562388  9.3777032   2.3902171   4655.4009  eIoni  e-  
28  10.9547305  9.38151608   2.3872458   5938.04474  eIoni  e-  
29  10.9480573  9.38210291   2.38390478   6958.09489  eIoni  e-  

0  18.2476846  19.7797176   4.10617871   4348.7  phot  gamma  
1  18.2138417  19.7817583   4.07871525   3558.4  phot  gamma  
2  18.2276704  19.7772995   4.06535678   9659  phot  gamma  
3  18.227687  19.7773332   4.06533226   164.127441  eIoni  e-  
4  18.2277899  19.7773814   4.06535224   9110.70004  eIoni  e-  
5  18.2276807  19.7773558   4.06530127   4218.77252  eIoni  e-  
6  18.2138453  19.7817572   4.07871239   754.3  eIoni  e-  
7  18.2486027  19.7789368   4.10504159   3085.49738  eIoni  e-  
8  18.2502622  19.7787483   4.10447873   1939.64009  eIoni  e-  
9  18.25193  19.7784204   4.10494668   2580.94074  eIoni  e-  
10  18.2523991  19.7783626   4.1058047   1066.94599  eIoni  e-  
11  18.2522326  19.7771357   4.10736788   4424.61088  eIoni  e-  
12  18.2518268  19.7759702   4.1084169   1297.21786  eIoni  e-  
13  18.2513755  19.7756166   4.10688207   2692.07281  eIoni  e-  
14  18.2518477  19.7743105   4.10782649   4782.94299  eIoni  e-  
15  18.2519434  19.773474   4.10876626   9634.28922  eIoni  e-  
16  18.2518369  19.774568   4.1086056   9902.59762  eIoni  e-  
17  18.2517807  19.7745534   4.10859799   5574.95601  eIoni  e-  
18  18.2524049  19.778362   4.10584654   4475.07148  eIoni  e-  

0  10.214713  9.42091499   2.98300376   4348.7  phot  gamma  
1  10.2123922  9.41851139   2.98066506   3753.9  phot  gamma  
2  10.2099196  9.41045108   2.9783923   4939  phot  gamma  
3  10.2100873  9.40966131   2.9791693   7518.15303  eIoni  e-  
4  10.208837  9.4098096   2.97860248   7630.86922  eIoni  e-  
5  10.2088364  9.40983337   2.97860505   2869.07774  eIoni  e-  
6  10.2123886  9.41851352   2.98066704   754.3  eIoni  e-  
7  10.2155318  9.42275312   2.98349342   2861.85492  eIoni  e-  
8  10.2154075  9.42430636   2.9819394   2214.10357  eIoni  e-  
9  10.2138635  9.4254342   2.98255237   3171.9791  eIoni  e-  
10  10.211814  9.42547773   2.98171423   2710.1572  eIoni  e-  
11  10.2121223  9.42670769   2.98031343   2973.38135  eIoni  e-  
12  10.2127057  9.42831866   2.97883354   2504.19605  eIoni  e-  
13  10.213086  9.42820809   2.97882447   165.547369  eIoni  e-  
14  10.2139498  9.4273447   2.98064998   3972.37782  eIoni  e-  
15  10.2133427  9.42634084   2.9825196   3256.70031  eIoni  e-  
16  10.2141548  9.42731516   2.98387664   1728.73855  eIoni  e-  
17  10.214775  9.42692986   2.98565403   4450.27047  eIoni  e-  
18  10.2157588  9.4282027   2.98679103   1483.87796  eIoni  e-  
19  10.2171425  9.42764603   2.98823347   2795.31884  eIoni  e-  
20  10.2177693  9.42844687   2.98982987   3698.43751  eIoni  e-  
21  10.2171842  9.42819269   2.99024337   1014.43717  eIoni  e-  
22  10.2163154  9.42840263   2.98960448   4426.0958  eIoni  e-  
23  10.2162654  9.428746   2.98837383   5908.6013  eIoni  e-  
24  10.217381  9.42956902   2.98789867   4743.57367  eIoni  e-  
25  10.2175042  9.4295511   2.98805857   13069.8544  eIoni  e-  
26  10.217172  9.4282149   2.99025281   3143.06465  eIoni  e-  
27  10.2171473  9.42760824   2.98825088   175.09631  eIoni  e-  
28  10.2171145  9.42742302   2.98824516   12447.6321  eIoni  e-  
29  10.2171717  9.42760554   2.988258   3011.27  eIoni  e-  
30  10.2131061  9.42823581   2.97880494   4259.43358  eIoni  e-  

0  17.3988184  9.63056154   4.59366207   3558.4  phot  gamma  
1  17.4099109  9.6229874   4.59784592   4939  phot  gamma  
2  17.410073  9.62194413   4.59762824   6442.81054  eIoni  e-  
3  17.4101556  9.62188861   4.59776924   11770.7895  eIoni  e-  
4  17.399255  9.62869609   4.59458603   4338.29276  eIoni  e-  
5  17.4008501  9.62983591   4.59527481   2531.687  eIoni  e-  
6  17.4011654  9.63095635   4.59616593   3376.01388  eIoni  e-  
7  17.4022482  9.63124136   4.59780686   1902.83181  eIoni  e-  
8  17.4033495  9.63144591   4.59645539   2438.84116  eIoni  e-  
9  17.4047509  9.63119766   4.59692057   2836.01327  eIoni  e-  
10  17.4052694  9.63089395   4.59869899   1440.06354  eIoni  e-  
11  17.4033902  9.6309851   4.59926733   1481.24981  eIoni  e-  
12  17.4033591  9.63227111   4.59981584   5799.53267  eIoni  e-  
13  17.4028876  9.63390137   4.60028747   3358.35439  eIoni  e-  
14  17.4021859  9.63454438   4.60003269   3380.59726  eIoni  e-  
15  17.4007152  9.63374277   4.59977631   5877.21867  eIoni  e-  
16  17.4010177  9.63303451   4.59827458   11022.7839  eIoni  e-  
17  17.4010714  9.63305357   4.59827315   5470.69036  eIoni  e-  
18  17.4022552  9.63457356   4.60007183   7338.59329  eIoni  e-  
19  17.4011974  9.63094968   4.59617985   3938.96995  eIoni  e-  

