
122 18

94.2423 13

122 18

122 21

122 22

110.358 19

95.7321 18

31.6258 14

33.2938 23

122 20

46.4168 22
7.7853 23

122 20

122 21

99.0429 21
22.9571 22

111.907 21

87.3609 13

122 20

1.49479 17
101.554 18

122 19

122 22

122 19

69.3158 8

74.1887 34

8.39929 21
113.601 23

87.2011 0

108.3 33

102.203 12

122 19

122 21

77.5318 4

122 19

122 18

60.5462 8

64.2582 2

4.5082 20
94.5347 21

95.9246 19
26.0754 20

122 20

98.8474 19
23.1526 20

83.2533 29

76.8755 17

122 18

122 20

54.3736 4

54.2467 8

122 20

95.1386 20
26.8614 21

62.8636 18

122 16

122 20

23.8254 39

122 19

122 18

93.6304 24

111.66 25

122 19

122 20

98.8474 20
23.1526 21

84.2928 24

58.61 36

93.1226 27

122 18

122 18

80.843 1

27.813 17
94.187 18

122 17

122 20

87.6557 34

27.4653 7
61.4192 8

122 19

122 19

122 19

122 20

122 20

67.8068 16

61.6479 25

122 21

122 18

68.135 19
53.865 20

83.2848 33

61.265 4

122 20

88.6889 26

122 19

122 19

122 19

85.5452 18

94.0842 1

112.56 26

102.212 39

22.9571 21
99.0429 22

122 19

122 22

92.9707 19

37.6481 18
84.3519 19

79.1354 19

122 20

95.9246 20
26.0754 21

31.7915 18

67.6605 8

80.1448 39

122 19

78.6879 17
43.3121 18

122 19

77.6541 39

48.7261 29

122 20

59.4807 34

122 21

105.969 34

20.1061 12

122 21

58.0021 11

23.1526 17
81.0705 18
17.7769 20

22.9571 18
99.0429 19

52.6151 39

122 26

122 19

122 21

78.3192 28

122 18

27.4653 13
37.5188 14

68.5258 8

49.1746 0

58.4456 18

70.7698 21

122 19

90.186 21
31.814 22

91.3546 34

122 21

122 20

122 19

98.4342 16

122 19

68.884 19

122 19

122 21

122 20

85.2354 5

56.3667 37

122 21

122 20

122 21

75.1436 19

107.192 20
14.8085 21

27.4653 17
94.5347 18

8.78022 21
113.22 23

88.4573 25

122 19

81.7525 19
40.2475 20

21.1536 8
63.9515 13

92.0987 6

80.2651 16

62.138 8

67.4918 4

99.0429 21
22.9571 22

79.9244 17

122 22

101.325 37

122 18

52.0974 34
23.1526 35

122 22

80.9591 8

89.0557 1

122 18

122 20

86.9111 0

72.008 39

102.869 19
19.1306 20

60.5225 33

122 21

58.116 28

122 18

59.496 1

122 19

122 19

122 19

88.5578 30

122 18

110.139 18
11.8613 19

122 20

96.8156 12

36.5259 28

122 18

122 21

70.1781 2

64.3442 35

77.254 25

102.119 24

71.6897 32

84.0745 17
37.9255 18

87.7615 13

53.6197 20

77.4609 10

122 21

56.7135 19

68.2375 12

122 21

122 20

122 20

23.1526 17
98.8474 18

62.4644 11

27.1868 19
94.8132 20

14.9094 20
8.03564 22
99.0549 27

25.0808 15

122 20

122 18

104.866 19
17.1341 20

15.5234 19
106.477 21

70.1108 0

79.2097 6

122 18

122 18

94.619 2

98.3663 37

122 18

80.5458 38

122 19

74.6175 38

67.0688 29

122 20

23.1526 18
98.8474 19

82.149 37

122 19

78.3321 35

73.8985 25

75.25 26

122 21

15.5663 20
106.434 22

122 20

83.4443 13

55.5554 39

73.039 9

122 19

122 18

94.6244 28

122 19

122 19

104.917 0

76.1517 2
23.1526 3

66.3792 2

83.0428 0

96.4055 23

122 17

122 19

94.4228 34

80.0166 39

93.9423 34

78.2011 24

75.25 6

122 20

122 19

122 19

122 20

52.2719 1

122 21

122 21

122 19

51.5492 1
22.9571 2

122 20

72.4718 19

31.1788 21
90.8212 22

122 21

122 21

122 20

26.0754 29
43.339 30

122 20

36.6046 19
85.3954 20

122 20

122 19

122 21

68.0478 13

122 19

82.7368 12

27.1868 18
94.8132 19

23.1526 27
49.8864 28

41.8365 5

91.0865 1

73.2262 8

59.483 36

72.7094 39

79.1597 16
38.6282 17
4.21208 19

16.0033 25

122 20

89.3315 12

96.2873 12

98.6816 18

122 20

95.0006 39

22.9571 17
99.0429 18

66.7039 36

122 21

73.7911 3

122 20

122 22

60.4132 1

122 19

101.223 15

56.1435 34

88.0885 20
33.9115 21

122 21

122 20

122 19

122 18

73.039 30

122 19

122 19

26.6098 27
75.3876 28

48.9706 11

74.5695 3

71.177 11

64.585 19

58.5612 2

69.5367 26

122 19

88.5336 33

122 17

122 18

22.9571 19
99.0429 20

122 20

64.739 38

122 22

82.5421 12

122 18

42.6034 3
30.9901 4

98.8474 19
23.1526 20

30.9901 35
23.5328 36

22.9571 19
99.0429 20

84.8548 7

54.8752 21

113.868 19
8.13222 21

79.4247 4

122 20

83.2797 20

67.3666 31

122 19

59.552 25

122 19

62.7816 7

122 18

63.4344 27

122 19

122 21

122 19

122 20

122 21

122 21

105.745 10

72.5384 19
49.4616 20

96.3523 1

122 19

122 21

122 20

122 21

83.0702 4

122 21

53.8813 37

122 19

56.3537 19

122 19

122 19

122 18

20.4044 20
101.596 21

32.4589 27

94.5347 21
27.4653 22

92.2146 2
3.13882 3

122 20

87.6429 3

93.6057 23

122 21

122 19

92.9438 33

122 21

122 21

10.8592 22
111.141 24

46.9263 24

122 18

75.25 29

13.0479 18
108.952 19

122 21

73.6936 39

94.5347 19
27.4653 20

122 17

60.822 29
25.4035 30

122 21

122 19

22.9571 18
99.0429 19

122 18

107.518 11

66.2781 32

122 20

122 18

84.7407 18

69.4482 38

122 21

122 21

122 19

122 18

90.3159 17
31.6841 18

122 19

122 18

72.7858 11

94.5347 18

122 19

122 17

122 18

122 19

70.4604 14

122 19

62.1884 9

60.8185 37

82.2014 28

68.7257 2

122 19

122 20

91.7726 21
30.2274 22

122 19

23.1526 17
58.3479 18

122 21

122 19

122 20

122 18

122 18

122 20

72.9347 27

122 19

122 19

122 18

85.5043 27

122 19

122 20

122 21

122 20

99.0429 21
22.9571 22

122 19

6.31423 19
115.686 21

122 19

122 20

122 21

122 21

95.9246 20
26.0754 21

122 19

122 20

122 20

90.3698 14
9.51728 15

57.9379 38

122 20

122 21

122 19

122 21

94.4893 14

98.8474 18
23.1526 19

122 19

98.8968 19

29.5658 20
92.4342 21

74.7148 18
47.2852 19

122 21

122 17

92.9859 37

76.4674 18

64.5113 29

103.446 18
18.5542 20

49.8864 20
23.1526 21

122 21

122 18

122 21

93.0405 11

110.656 11

122 19

122 20

56.3027 8

122 21

34.9123 20

97.3037 12

122 20

122 21

122 19

122 20

65.2947 1

122 21

71.7221 38

122 19

122 20

83.674 0

58.9566 22
23.1526 23

122 19

122 20

122 22

122 21

75.25 12

122 18

122 20

70.2999 9

15.7193 20

94.6677 22

122 17

68.3277 0

74.4098 15

122 20

26.0754 27
49.1746 28

45.6972 38

122 21

79.1348 0

122 21

122 20

122 19

81.5567 38

122 18

56.3575 28

122 19

122 18

122 20

122 19

122 20

90.2505 11

69.2004 5

98.8474 18

73.039 4

95.801 39

94.5347 20

122 19

122 18

122 21

31.5648 21

122 20

122 20

122 18

64.2795 4

122 19

97.6199 39

95.9598 20
26.0402 21

122 17

122 22

122 20

122 22

80.9602 34

122 19

122 19

68.8989 25

122 20

68.6331 25

91.6825 17

27.4653 19
94.5347 20

75.25 35

122 20

122 20

122 19

122 19

122 18

89.6112 0

69.3999 13

122 18

108.791 3

59.1948 17

6.73475 22

122 18

98.4967 32

122 19

26.0402 18
46.9988 19

58.3102 25
23.1526 26

122 20

122 21

43.6844 0
23.1526 1

94.8132 19

106.014 0

122 18

40.6823 34

122 21

26.0402 15
82.4533 16

98.8474 21

122 20

85.3427 36

27.8467 21
94.1533 26

122 21

94.8132 18
27.1868 19

122 18

84.7407 26

122 20

122 21

69.6443 29

91.5451 19

73.039 16

18.7154 19
103.285 21

122 20

122 19

72.3756 16

32.8979 33

99.0429 19

6.29151 8

122 19

106.735 14

122 21

122 17

91.0621 20

11.263 20
110.737 21

113.908 21

75.9996 13
22.9571 14

9.13514 20
112.865 21

122 19

107.423 36

122 21

1.54846 17
120.452 18

122 18

30.9901 14
58.6846 15

122 22

122 18

105.921 36

92.5497 9

55.4456 24

122 20

104.881 20

122 18

122 19

122 20

122 18

113.589 13

122 18

122 22

67.4178 34

52.0646 4

63.0342 17

90.2975 39

90.157 30

122 22

122 19

112.372 20

55.2742 23

73.0044 19

122 20

122 19

22.9571 11
34.1773 12

122 19

122 18

122 18

66.7208 37

95.9246 20
26.0754 21

122 20

68.5343 14

122 17

122 18

122 19

122 18

122 22

98.8474 18
23.1526 19

27.1868 12
64.0227 13

122 21

99.0429 19

122 18

122 19

122 21

122 20

91.2327 13

23.1526 19
98.8474 20

73.5181 19
48.4819 20

122 21

122 19

122 18

122 20

63.5429 35

73.6669 0

23.1526 19
98.8474 20

66.118 30

22.9571 19
99.0429 20

68.939 11

122 18

98.2346 34

52.2929 24

122 18

122 18

75.25 8

42.0954 39

122 18

122 19

122 19

122 20

99.0429 20
22.9571 21

94.5882 27

122 19

77.3649 34

122 20

122 20

45.8131 1

95.9598 21
26.0402 22

122 19

30.9901 34
39.1812 35

27.4653 19
94.5347 20

92.7934 0

122 21

122 21

122 20

62.8169 19

98.8474 18
23.1526 19

122 20

122 19

102.481 20

122 19

122 19

68.0577 14

89.4346 10

122 18

122 18

122 20

28.8945 23
27.4653 24

85.2212 5

14.8739 19
83.9735 20
23.1526 21

23.1526 16
61.9839 17

122 16

122 20

122 20

67.0757 23

122 22

122 21

71.2889 13

35.9893 39

82.0187 32

94.5347 21
27.4653 22

122 19

88.5033 39

72.7268 11

107.433 3

122 20

30.5058 34
27.4653 35

75.25 38

122 20

122 20

23.1526 15
45.9175 16

122 19

103.278 37

67.1212 21

122 17

100.602 22

122 18

122 16

92.5598 1

122 19

122 18

122 20

75.1152 4

88.5031 19

122 21

103.733 20

81.5014 39

122 20

102.545 23

122 20

103.826 2

73.039 33

64.922 5

122 17

122 21

98.8474 20
23.1526 21

122 20

122 20

122 19

122 21

79.7427 5

98.8474 19
23.1526 20

46.1399 6

122 18

116.123 28

122 18

122 20

92.6286 22

82.921 13

48.295 2

122 19

122 20

122 18

30.9901 36
79.3357 37

37.5925 19
84.4075 20

30.9379 21
91.0621 22

23.1526 24
98.8474 25

122 21

68.2732 13

66.3432 12

122 20

73.039 23

81.4595 14

61.7556 33

122 18

71.5325 0

78.4898 35

122 19

90.1441 19
31.8559 20

122 18

122 20

95.9246 21

57.96 39

122 21

62.367 10

87.1511 39

122 19

32.3151 20

122 18

104.441 31

66.8212 30

122 18

122 20

122 21

61.6491 17

73.6864 29

122 19

105.148 29

37.6765 20

58.6103 34

27.1868 18
94.8132 19

79.4622 21

122 21

122 18

26.0402 27
75.2326 28

122 19

81.0489 14

30.2466 21
91.7534 22

122 20

81.0147 21

122 18

122 21

87.1692 23

114.983 17
7.01653 18

93.1506 17

84.2141 31

122 19

122 20

51.7851 14

60.2394 8
23.1526 9

23.1526 1
48.9137 2

122 20

23.8904 28
26.0402 29

46.7736 11
23.1526 12

91.0099 18

122 20

72.4175 30

48.7193 31

67.2061 6

122 20

71.7905 1

22.9571 18
99.0429 19

69.0273 18

99.0429 19
22.9571 20

122 18

122 20

75.8443 30

122 21

122 18

122 21

122 21

122 18

70.7074 21
51.2926 22

69.3945 28

122 21

122 19

53.7503 29

122 21

55.5185 20

22.9571 17
99.0429 18

57.7386 38

55.2634 28

87.6557 27

79.2032 36

93.6699 8

83.9447 39

122 21

122 20

94.5325 2

58.0101 22

122 19

122 19

98.8474 18
23.1526 19

107.444 32
4.82663 33

67.9101 39

32.7365 4

117.966 20
4.0342 21

122 20

67.85 10

122 18

122 19

81.2505 38

122 19

122 22

122 21

122 18

122 21

122 21

122 20

122 20

122 21

89.259 30

105.837 25

92.2921 33

4.3127 26
76.523 27

122 20

64.0731 26

122 20

91.0099 20
30.9901 21

122 21

88.2161 27

91.3219 21

49.196 17

122 21

122 20

61.7216 9

74.8497 15
47.1503 16

122 18

122 22

56.5128 30

73.9671 28

122 20

122 20

122 20

27.1868 20
94.8132 21

88.4836 39

122 21

122 20

122 20

27.1868 38
85.9117 39

122 20

122 19

122 20

122 19

84.7407 19

74.258 38

84.7407 1

84.8292 12

122 19

122 21

122 21

122 19

67.5207 32

122 21

113.427 13

22.9571 11
46.5436 12

46.1784 14

56.5989 0

122 19

122 21

122 20

76.5295 34

122 20

73.039 0

60.6488 33

94.133 1

122 19

44.334 0

99.6265 14
5.9756 18

122 18

122 20

122 19

16.7283 8
98.0018 9

122 17

122 19

122 19

122 21

122 19

122 18

67.8431 7

97.3773 2

107.236 7

83.3173 39

88.8462 31

74.568 12

75.25 2

122 20

122 18

42.0228 11

89.6468 27

122 20

81.676 10

48.9547 4

122 19

98.4238 0

41.529 4

122 19

92.1935 17

122 20

14.0831 21
107.917 24

66.427 31

122 21

70.6908 18

98.8474 18
23.1526 19

122 18

122 19

116.566 19
5.43394 20

88.9878 15

122 20

38.0051 20

68.0846 23

122 20

122 19

102.908 24

117.207 31

122 21

50.3534 39

122 21

30.9901 2
38.5925 3

23.1526 20
98.8474 21

47.7264 24

122 18

106.177 2

27.4653 18
94.5347 19

22.9571 19
99.0429 20

18.9205 19
103.08 21

95.8705 0

122 20

23.1526 3
84.8718 4

122 21

115.23 4

57.3188 33

122 20

68.6297 27

59.5225 29

42.5456 39

122 21

122 17

70.6698 37

70.4376 37

122 19

82.6875 8
26.6158 9

80.6411 0

122 20

122 19

122 20

122 20

108.506 11

122 21

122 20

23.1526 18
98.8474 19

122 19

56.0363 10

51.954 32

122 18

73.0038 37
27.1868 38

13.3753 19
108.625 23

122 19

72.8154 1

73.039 21

53.4239 29

98.9187 37

26.0754 19
58.1664 20

122 21

122 19

6.38037 17

122 21

122 19

122 22

122 20

122 18

122 18

72.1955 18

87.7338 33

122 18

30.6271 20
91.3729 21

122 20

122 20

70.4445 14

122 19

72.7908 14

122 18

122 18

122 22

122 20

122 18

59.3876 13

4.5082 38
79.9313 39

122 20

122 20

122 19

122 22

112.459 29

81.8421 3

122 19

122 20

122 20

122 19

122 17

122 19

122 18

122 18

122 20

122 19

93.5782 26

19.5731 16

98.8474 19

87.371 2

122 18

60.1107 28

106.667 17
15.3333 19

112.12 39

122 20

59.7132 35

76.889 12

122 19

122 20

104.964 18

27.4653 0
55.1269 1

66.5007 11

119.002 0

122 21

99.0429 19
22.9571 20

57.5195 0

122 18

22.9571 22
37.5571 23

122 16

122 22

30.9901 20
91.0099 21

48.8248 32

122 20

122 19

122 18

122 21

122 20

122 18

122 19

122 19

80.0465 1

55.0731 37

122 18

122 19

122 22

101.58 16
20.4204 21

48.2894 27

122 21

122 20

71.976 38

122 18

62.1884 20
59.8116 21

64.8178 15

122 9

95.3902 19
26.6098 20

30.5472 13

122 21

59.1645 24

76.8881 14

64.9877 34

122 21

7.56206 19
114.438 20

4.2902 21

27.5544 21

74.4413 18

55.1885 39

34.8443 29

122 22

122 19

79.2825 0

122 20

122 18

122 21

122 20

64.9117 12

122 18

69.66 3

49.8864 17
23.1526 18

122 18

75.25 0

122 19

100.494 5

34.3182 21

73.894 38

122 19

94.1362 25

102.434 36

122 19

122 19

16.3402 20
105.66 29

122 21

122 19

59.483 15

122 21

122 20

81.0162 6

3.28214 20
118.718 22

122 20

111.813 9

36.855 31
23.1526 32

115.22 18
6.77987 19

122 18

91.071 17

122 20

73.9697 4

30.6728 19
91.3272 23

66.7678 33

61.436 0

122 21

122 21

122 21

27.4653 18
94.5347 19

122 24

122 20

122 21

122 18

122 18

23.1526 31
66.5745 32

122 21

122 18

122 21

58.116 22

47.6104 17
74.3896 18

122 22

122 21

122 18

86.093 36

62.1402 6

122 18

56.888 29

122 18

27.4653 22
37.6688 23

122 19

122 19

57.0018 1

81.3627 30

84.7407 21

62.3604 31

66.9811 2

122 21

122 19

114.266 39

122 20

122 22

91.5534 14

122 20

122 19

60.1524 4

95.9598 20
26.0402 21

122 18

63.8537 14

122 21

122 18

55.9812 22

122 20

122 22

70.0316 39

27.3754 25

82.4695 35

48.3928 0

69.475 9

122 19

122 19

23.1526 0
67.6918 1

122 19

122 19

69.133 12

102.954 20
19.046 21

72.3312 15

69.8023 26

122 20

122 19

122 17

72.3337 29

122 20

17.939 18
104.061 19

75.8164 18

122 18

122 20

122 19

68.5136 5

45.5737 6
27.4653 7

99.7179 3

122 18

122 20

82.7125 8

122 19

91.734 39

95.3842 18
26.6158 19

74.9277 37

122 19

76.5299 8

122 20

94.8132 19
27.1868 20

122 20

107.7 21
14.2999 22

122 20

122 19

122 17

69.2871 22

122 20

73.039 21

122 19

48.255 28

4.0342 29
85.8113 30

122 18

122 20

122 19

68.1893 23

23.1526 18
98.8474 19

122 21

70.6168 2

62.7274 20

122 18

88.5407 26

122 20

68.5097 19
53.4903 20

3.5584 19
118.442 20

90.2934 28

72.7349 4

122 20

122 21

60.5757 35

27.1868 0
55.6841 1

93.7054 34

122 19

122 19

122 19

30.6254 14

100.871 35

122 20

24.9935 29

58.6112 5

122 18

17.2222 21

122 20

47.5418 0

122 19

122 18

122 20

122 20

122 20

122 19

122 18

73.039 33

75.336 19
23.1526 20
23.5114 21

122 20

122 18

122 21

122 20

85.2354 21

122 19

122 20

122 18

85.3548 34

51.6596 0

26.6098 18
95.3902 19

73.039 36

82.3013 18

76.2796 3

89.6861 18
32.3139 19

122 21

99.0429 20

122 20

122 18

57.6191 5

94.5347 18

122 19

122 18

70.1867 2

79.3223 39

95.3567 33

26.0754 17
95.9246 18

56.2485 0

84.1088 0

86.6918 39

122 20

122 21

27.1868 19
94.8132 20

22.9571 30
52.2929 31

30.9901 32
72.6193 33

27.2104 18

68.1329 17

66.5304 21

82.9975 11

87.8599 16

1.98149 20

122 20

96.984 9

79.9696 16

122 20

122 19

122 19

122 20

122 20

122 21

105.581 17
16.4191 21

22.8567 7

99.2591 21

56.6286 33

122 19

69.9643 20

105.376 8

122 21

122 21

122 22

59.1622 31

73.2641 7

36.728 18

76.7248 9

88.7836 33

122 17

77.7362 35

94.3223 19
27.6777 20

89.0959 19
32.9041 20

72.8808 33

122 18

70.5255 26

122 18

122 18

88.7356 15

28.3432 7

53.6228 28

122 22

98.8474 19

106.946 18
15.0541 19

53.458 17

71.0266 26

122 20

122 19

63.9976 33

94.5347 18
27.4653 19

102.027 37

122 18

122 21

67.4963 16

76.6998 22

122 21

50.4258 32

30.9901 20
91.0099 21

122 19

122 19

65.3391 10

73.039 8

84.7407 5

122 19

63.9343 19

69.6895 9
26.0402 10

73.039 26

76.8871 23

49.4068 6

61.9412 16

122 21

122 20

68.9226 8

122 20

30.9901 1
34.3244 2

66.5831 20

122 17

58.9227 29

122 20

96.7679 26

55.4717 26

90.9115 28

101.017 18
20.9832 19

3.6163 21
118.384 23

63.9678 27

63.1524 36

30.125 26

122 21

90.5965 16

122 19

69.8301 14

122 18

122 20

43.1672 32
59.9604 33

122 19

63.5504 17

22.9571 9
78.6984 10

122 21

72.6298 3

7.44643 20
91.5965 21

122 19

70.711 33
26.6158 35

122 18

122 21

122 20

81.5505 35

44.7302 3
23.1526 4

122 18

122 21

122 19

58.4875 34

122 19

122 20

90.3159 21

122 20

87.1724 29

90.1974 30

122 20

122 20

122 16

122 20

122 19

34.5541 18
87.4459 19

65.8646 39

64.0934 26

52.7646 5

4.8625 18
117.137 19

122 19

64.1894 8

99.3077 18
22.6923 19

122 20

23.1526 19
98.8474 20

71.1787 9

80.4668 5

1.41084 13
58.2886 14

71.2209 34

99.6165 1

117.52 11

107.686 15

122 20

122 19

34.3708 20

122 19

122 19

92.3658 38

122 19

64.8294 28

60.2769 7

27.4653 30
81.414 31

122 20

73.039 1

122 18

122 20

76.0004 33

68.149 23

54.9018 10

117.687 18
4.3127 19

122 19

66.8575 20
55.1425 21

58.6345 29

22.9571 14
43.5655 15

122 18

122 20

122 19

122 19

122 19

74.6693 39

46.3943 28
27.4653 29

93.0013 12

70.533 1

27.4653 33
41.8403 34

122 19

122 18

70.7097 28

36.0073 19

67.208 31

22.9571 17
99.0429 18

98.8474 21
23.1526 22

58.116 36

122 19

78.9174 5

57.8726 23

122 20

122 21

122 20

88.4399 26

122 21

122 19

84.3386 9

122 18

26.6098 19
95.3902 20

75.8629 6

5.91503 19
116.085 21

122 19

122 20

70.9373 18
4.3127 19

73.039 35

23.1526 14
35.3149 15

122 21

110.093 37

122 17

30.0159 20
91.9841 23

43.5063 39

57.6187 35

122 20

99.0429 19
22.9571 20

122 19

26.0754 19
95.9246 20

122 19

122 20

122 19

23.1526 14
76.1803 15

51.4094 16

122 20

122 19

93.1551 17
28.8449 18

66.4704 2

60.9787 25

122 18

73.4356 25

87.6557 20

122 21

122 21

73.039 9

39.4579 23

122 21

122 21

44.9516 0

68.0721 24

122 17

94.8132 18
27.1868 19

74.8699 15

106.442 7

122 19

68.1081 10

122 21

32.4371 17
26.6158 18

78.4167 25

122 19

122 21

122 18

122 19

23.1526 18
98.8474 19

122 21

122 19

89.7372 27

64.7652 7

122 21

27.4653 20
94.5347 21

122 20

122 20

122 20

103.832 7

52.1104 18
69.8896 19

122 20

122 19

122 19

102.105 4

122 19

122 20

122 20

91.1346 35

122 19

22.9571 19
99.0429 20

27.1868 19
94.8132 20

122 19

71.4032 39

122 20

19.8818 33

122 19

122 18

98.8474 18
23.1526 19

26.0402 19
95.9598 20

107.597 5

52.186 15

122 20

94.8132 19

95.3495 36

122 18

122 20

95.9246 20
26.0754 21

122 20

122 19

57.2875 1

5.15915 18
116.841 23

26.0402 12
79.4843 13

95.5731 32

98.8474 20
23.1526 21

65.7961 9

122 18

122 19

18.0672 19
103.933 22

31.5692 3
47.4961 4

58.2307 20
4.3127 21

122 21

122 18

120.928 19
1.07182 20

23.1526 16
87.475 17
11.3724 20

38.5287 18

122 20

98.8474 19

69.5361 11

122 18

84.3574 1

122 18

122 20

122 19

58.4499 19

47.0795 29

91.3599 39

79.8716 2

122 20

122 19

31.2693 15

122 17

72.1169 37

122 19

88.1065 15

32.0722 39

73.4315 26

122 19

122 18

122 18

122 20

59.5251 18

64.396 39

122 18

122 20

122 18

23.1526 18
98.8474 19

111.632 31

122 21

34.2939 32

122 18

118.155 18
3.84503 21

32.6157 35

122 20

122 20

122 19

87.2964 18
34.7036 19

122 20

122 18

2.76512 20
119.235 22

90.3159 19
31.6841 20

122 19

118.544 17
3.45596 18

107.795 19
14.2047 20

122 18

68.2636 10

102.046 39

26.0754 20
95.9246 21

122 19

94.5347 18

97.8092 37

89.4763 9

122 21

122 19

122 19

122 19

117.492 19
4.5082 20

84.0217 19
20.3164 20

109.217 19
12.7835 20

122 18

122 18

68.2101 34

38.6773 20

122 19

59.7901 31

23.1526 38
56.9221 39

122 20

122 21

57.1938 35

95.9246 18
26.0754 19

97.4304 32

122 20

51.1054 39

122 17

82.144 11

122 20

27.4653 18
94.5347 19

24.8312 18
97.1688 19

28.0336 18

122 21

35.912 18
86.088 19

122 20

98.8474 19

122 18

105.46 5

79.5794 1

122 20

32.119 38

122 20

107.428 11

30.6192 21
91.3808 28

122 19

94.5347 19
27.4653 20

76.7167 34

122 20

122 18

73.4675 29

58.5202 18

122 21

49.5231 0

76.2192 15

88.6833 33

91.7764 35

95.9246 21

26.0754 18
95.9246 19

76.2023 38

64.2358 27

93.0868 12

79.0236 0

27.1868 18
94.8132 19

122 20

122 20

75.25 22

122 18

121.01 20
0.989678 21

122 19

122 19

99.7233 9

98.8474 18
23.1526 19

44.4674 30

64.433 11

122 20

122 20

99.0429 19
22.9571 20

110.777 9

122 19

104.069 28

42.3456 14

69.5947 18

122 20

122 20

89.7045 18
32.2955 19

75.25 18

122 21

67.7251 30

106.853 4

122 19

83.6949 0

54.1134 24
27.4653 25

61.318 17

122 21

122 19

122 20

122 20

122 20

26.0402 19
95.9598 20

94.8132 17
27.1868 18

122 20

122 19

122 21

69.9042 11

122 20

66.553 8

122 18

122 18

122 19

122 18

75.2611 0

122 20

122 20

30.9901 19
91.0099 20

95.3363 32

80.7362 16

57.6339 20

85.2354 19

92.278 19
13.2545 20

122 20

72.5968 38

122 19

122 22

102.354 20

76.144 27

122 20

27.4653 32
32.4534 33

87.6557 22

73.9299 35

22.9571 19
99.0429 20

122 18

94.5347 17
27.4653 18

61.1677 30

122 20

122 19

61.6971 27

57.9273 10

68.2953 14

75.0973 36
31.6841 37

82.6228 10

39.9037 29
51.1964 30

122 19

52.8745 9
27.4653 10

76.9743 32

122 21

71.4941 0

73.7966 9

122 21

122 19

27.8604 20
94.1396 22

122 21

66.7954 9

98.8474 18
23.1526 19

122 20

99.4979 34

122 19

66.273 28

90.6154 9

27.4653 17
54.211 18

61.9428 23

33.9271 17
88.0729 18

83.9109 19
38.0891 21

104.794 37

122 20

102.516 19
19.4845 21

122 18

74.7207 18

78.3991 0

67.7326 27

122 20

23.1526 21
98.8474 22

111.321 7

64.8234 26

122 21

98.8614 32

117.966 20
4.0342 21

95.9246 18
26.0754 19

122 18

122 18

122 19

69.2082 9

117.755 18
4.24506 19

76.919 25

80.4575 11

119.388 4

122 18

122 19

98.8474 20
23.1526 21

21.593 20
100.407 21

55.1433 21

122 18

122 21

122 21

122 19

57.4575 35

95.3698 32

102.828 14

122 19

122 18

84.8823 15

59.5006 39

122 19

122 18

122 19

122 21

98.8474 18
23.1526 19

93.8622 4

122 18

79.5439 8

122 19

122 18

81.8815 1

122 18

122 21

76.6446 24

76.5037 28

122 20

22.9571 17
99.0429 18

56.0561 20

122 19

122 20

37.8099 19

122 22

122 19

122 21

89.0477 0

61.4174 11

84.2008 14

72.4333 24

66.4211 0

64.5607 21

122 17

73.4067 1

1.46764 20
24.4819 21
96.0505 24

84.3644 0

86.3159 18

122 18

102.875 10

91.8046 19
30.1954 20

30.4838 29

78.3328 37

122 20

99.0429 18
22.9571 19

94.5347 17
27.4653 18

101.704 35

65.3348 7

55.4158 22

83.8786 17

52.2929 39

122 19

122 21

41.8491 31

122 21

94.8132 17
27.1868 18

122 19

100.329 19
21.6712 20

101.915 21

122 19

73.1001 6

117.081 34

85.9824 8

86.4168 10

32.8617 1

122 20

122 21

122 21

75.25 26

69.1638 27

122 21

122 21

122 20

122 20

91.0099 19
30.9901 20

56.7143 38

4.99659 19
117.003 20

122 18

122 19

122 17

122 19

122 22

83.3805 36

76.8339 4

60.4455 38

122 19

122 19

75.4459 30

16.9592 18
105.041 21

71.5753 1

68.7836 21

108.074 9

61.427 26

94.5347 19

63.3308 39

78.8264 11

91.9387 10

122 19

122 20

122 22

56.5993 1

55.2403 3

122 21

85.2354 13

122 20

122 19

122 19

34.0927 0

96.5786 39

122 20

94.5347 19
27.4653 20

122 20

92.5899 31

122 21

122 21

86.3082 24

122 19

4.37471 19

75.25 9

77.0619 35
25.8293 36

122 20

53.7158 19

107.991 18
14.0092 19

122 20

122 19

75.3379 31

64.5684 26

122 17

122 20

95.9598 20
26.0402 21

63.9011 19
58.0989 20

98.1917 38

67.4952 24

122 21

122 22

122 19

120.003 28

83.7556 9

122 19

75.25 8

122 21

122 19

78.5784 16
3.5584 17

122 24

122 20

59.8232 23

122 20

122 21

95.6864 3

100.317 22

122 19

122 18

16.1633 21
105.837 24

110.989 31

53.8782 23

58.585 14

57.5949 1

98.8474 18

27.4653 18
94.5347 19

97.1289 32

62.867 18

122 20

122 18

42.9158 1

122 22

122 19

51.12 10

122 18

75.532 7

72.6339 17

95.9246 18
26.0754 19

122 20

55.8946 14

65.4531 12

122 20

85.5253 19

64.4695 24

122 21

122 20

122 17

122 20

122 21

122 17

122 21

122 21

122 17

122 21

5.42129 20
19.8035 21
96.7752 25

90.952 8

122 21

122 19

96.1443 28

122 20

122 20

122 20

75.25 39

94.5347 19

122 18

66.5273 14
22.9571 15

23.1526 20
98.8474 21

9.30957 20

72.2587 10

90.1955 18
31.8045 19

82.5213 33

122 18

75.25 31

122 18

27.1868 30
80.1246 31

122 20

98.8474 20
23.1526 21

122 18

85.4658 1

122 20

122 18

74.2555 21

122 20

122 19

42.3729 37

71.7899 39

122 19

122 19

110.523 28

94.5347 19
27.4653 20

60.7995 36

122 19

74.7057 32

23.1526 18
98.8474 19

22.9571 18
99.0429 19

122 21

87.6557 6

122 20

91.0099 19
30.9901 20

111.973 6

10.2338 19
111.766 27

25.9698 18
96.0302 19

122 21

39.9987 18
82.0013 19

122 20

16.8521 21
105.148 22

122 20

66.8141 11

64.0163 29

55.0981 39

76.4285 5

22.9571 31
86.7107 32

122 20

122 19

122 19

65.2529 16

62.9625 15

122 19

122 19

4.5082 20
117.492 21

122 21

95.599 11

122 21

73.2113 26

23.1526 20
98.8474 21

122 20

122 21

122 18

99.0429 19
22.9571 20

94.7652 38

122 21

122 20

82.7407 39

77.0448 18

23.1526 17
98.8474 18

94.8662 21

27.4653 33
41.2584 34

122 19

122 21

47.5093 17
74.4907 18

122 20

115.867 35

52.6676 25

122 19

122 21

98.0983 18
23.9017 19

116.591 27

122 20

122 21

73.2141 16

122 18

98.8474 20
23.1526 21

72.8422 22

122 18

69.9201 16

122 20

75.25 19

58.1175 22

122 20

104.862 30

122 19

122 21

73.4512 37
23.1526 38

57.9004 8

45.5842 27

99.0429 22
22.9571 23

65.3213 15

102.561 38

98.1319 0

79.9199 38

122 20

30.9901 17
91.0099 18

98.8474 20

122 18

122 19

122 21

122 18

60.7263 8
12.3127 9

90.7831 22

122 19

122 18

122 21

73.039 17

122 20

70.5031 22

78.5756 16

47.9148 34

45.6315 15

64.9282 30

98.7692 30

122 19

47.2127 25

41.4893 16
54.7236 17

59.3505 14

78.9314 37

78.9653 18

69.0777 23

109.303 34

122 17

27.386 23

114.817 2

91.0099 20
30.9901 21

43.2361 2

122 20

84.1912 10

110.059 17
11.941 18

63.1351 16

98.8474 19
23.1526 20

56.9059 0

29.0169 21

81.329 18

122 20

122 22

122 20

122 19

42.3624 32

68.1798 11

20.1675 20
101.832 21

97.2425 32

92.1419 23

57.9858 31

73.8199 4
27.4653 5

72.1656 25

73.7476 39

48.89 25

62.0828 39

53.3509 35

90.0616 25

68.0239 35

122 19

93.9499 36

122 20

122 20

122 18

122 18

122 19

99.5667 13

122 19

89.8756 6

117.308 12

122 18

4.5082 20
117.492 21

122 20

122 20

122 19

122 20

102.473 26

122 21

81.4882 29

71.1151 5

109.49 13

122 18

122 21

112.737 20
9.26306 21

122 21

111.468 1

99.0429 20
22.9571 21

90.4823 11

122 20

122 19

36.5382 21
26.0754 22

122 20

66.0722 0

71.9368 25
23.1526 26

77.7507 34

74.4477 26

29.2506 37
23.1526 38

60.4633 39

122 18

98.8474 19
23.1526 20

71.2511 39

96.2999 24

122 20

122 20

77.8934 19

122 21

122 19

122 22

122 19

122 21

91.9628 5

122 20

122 21

23.1526 24
62.4924 25
13.6151 28

113.338 25

122 21

20.653 23

23.1526 18
98.8474 19

122 20

85.0919 9

122 20

120.099 35

22.9571 6
49.682 7

122 21

85.0969 39

122 20

122 20

68.636 17

102.18 0

62.7468 24

36.1599 39

122 18

122 20

122 18

74.7503 35

100.315 8

86.7014 30

122 20

108.7 16
13.3004 17

82.8805 13

94.5347 19

87.0999 36

74.8423 0

66.5936 37

122 20

60.6116 30

68.0213 13

88.0151 39

82.1782 12

55.8496 1
23.1526 2

122 18

122 21

122 19

39.4299 39

122 20

94.7712 17

122 21

87.1707 9

106.266 0

122 20

104.557 10

122 18

122 20

122 22

122 20

122 21

122 20

80.2806 38

52.6752 10

122 19

74.1296 4

58.9433 1

122 21

122 20

50.4845 17

122 19

45.5514 20
22.9571 21

95.6934 38

122 20

94.8132 20
27.1868 21

122 17

101.483 8

74.1437 22

79.9548 18
23.1526 19

15.7703 0

122 19

70.3699 26

108.59 20

122 20

71.4617 15

122 21

73.6771 29

33.633 18

91.8912 0

73.039 1

64.8635 17

67.3355 2

122 18

122 19

68.6722 37

23.1526 17
98.8474 18

90.9267 27

122 20

122 22

122 20

26.9409 19
95.0591 21

122 20

122 18

122 20

75.25 6

85.7937 5

122 19

122 21

57.7235 31

94.8132 18

95.9404 28

120.69 18

122 20

122 21

71.6126 34

61.878 24

122 20

122 20

66.5118 3

122 19

122 19

122 20

103.852 6

64.3948 5

122 21

122 20

122 20

122 18

122 20

106.851 0

122 21

122 19

122 19

122 19

84.5141 18

65.9273 28

27.4653 1
21.7214 2

103.666 16

122 19

122 21

85.0305 35

27.1868 2
31.1743 3

122 19

122 21

99.0429 21
22.9571 22

75.25 35

27.4653 18
94.5347 19

104.781 27

65.7659 9

122 20

122 18

122 20

122 20

73.5896 39

122 19

122 19

77.4833 10

122 19

122 20

62.0206 15

86.0083 17

26.0754 25
85.402 26

27.4653 29
34.2374 30

122 21

122 19

65.2619 8

120.047 20
1.95271 21

94.5857 39

122 21

97.6572 18
24.3428 19

67.9526 2

122 19

23.1526 19
98.8474 20

122 18

80.2227 31

122 20

122 18

86.4681 11

94.5347 21

122 19

27.4653 17
94.5347 18

66.7774 4

122 19

75.25 19

63.2693 0

48.8947 39

57.975 39

37.6334 19

122 20

99.0429 20

33.1177 21
88.8823 22

103.064 8

42.4971 23

94.8132 20
27.1868 21

122 19

62.3533 34

122 20

73.039 36

122 18

122 19

122 19

122 17

108.672 21

122 19

122 18

122 22

122 19

122 20

122 18

122 20

64.1901 27

122 20

85.4243 39

70.0371 32

62.1558 22

72.4721 9

68.8061 19

122 19

34.2794 20
87.7206 21

27.1868 21
94.8132 22

122 20

81.9387 7

80.3636 8

122 20

122 21

122 18

99.0429 19

122 20

38.1406 19
83.8594 20

122 12

122 21

122 21

16.7506 32

64.9087 8

26.0754 15
53.2043 16

122 18

4.5082 21
117.492 22

56.6157 23

85.8123 12

86.3026 10

122 21

122 27

62.2361 38
27.4653 39

95.9598 18
26.0402 19

85.2125 21

51.9563 33

122 20

122 20

122 20

122 20

106.761 6

90.977 10

122 18

122 19

83.3387 18

102.885 5

103.14 28

122 18

100.635 21

99.0429 20
22.9571 21

122 18

83.335 3
23.1526 4

63.2761 2

72.034 39

122 18

78.6241 24

28.2807 34

122 20

50.0822 5

27.3182 18
94.6818 19

118.213 17
3.78665 19

122 20

97.8549 0

50.6333 9

122 20

61.7179 1

122 21

122 19

107.377 16

66.0423 19

48.6924 24

122 20

122 20

122 20

122 21

122 19

79.3989 18

122 20

109.721 37

122 32

122 21

122 21

88.6278 12

122 17

84.6733 2

122 20

75.616 27

55.3963 7

122 21

122 19

122 20

0.772842 39

110.106 27

60.1856 18
61.8144 19

100.624 1

73.8254 9

66.9917 9

122 19

117.214 19
4.78573 20

23.1526 5
53.3373 6

122 19

98.8474 21
23.1526 22

122 18

122 19

30.9379 21
91.0621 22

122 18

59.9713 33

122 19

73.039 25

99.0429 19
22.9571 20

55.1935 34

122 20

73.039 21

122 15

122 20

122 21

122 20

122 21

22.9571 18
99.0429 19

122 18

122 19

122 21

52.4082 24
23.1526 25

51.3236 39

28.8962 19

122 21

93.2577 19

90.2325 2

19.4906 18
102.509 20

122 21

122 21

67.4178 16

89.5287 28

122 19

122 18

102.614 39

122 19

75.2201 23

65.4291 0

23.1526 20
98.8474 21

122 18

122 21

23.1526 21
98.8474 22

122 18

58.8681 26

122 22

122 19

122 18

122 19

67.3004 37

23.1526 18
98.8474 19

122 19

122 19

122 21

122 19

122 20

122 19

96.984 24

23.1526 21
98.1552 22

58.1951 3

3.208 20
118.792 21

66.6955 8

94.7714 13

122 19

122 20

122 21

64.0224 32

122 21

90.7667 3

122 19

23.1526 7
74.023 8

76.2566 24

70.0275 28

122 19

122 19

120.759 18
1.24064 20

122 21

91.093 28

122 19

110.616 31

122 21

12.0167 19

122 20

75.25 26

104.121 24

87.1207 28

122 19

22.9571 19
99.0429 20

4.38782 19

83.6822 11

110.638 35

80.07 26
30.9901 27

122 20

106.536 33

122 19

64.6735 7

122 18

122 20

122 19

122 17

49.5017 39

75.25 31

71.6435 0

71.7337 17

68.5951 14

75.25 2

17.1261 20
104.874 21

122 20

122 18

122 20

59.3138 31

99.0429 21

74.4994 5

92.1637 31

122 21

3.2452 19
118.755 20

75.4343 13

122 19

55.513 33

49.9257 10

22.9571 20
99.0429 21

67.9126 13

27.9069 21

96.0714 33

103.057 19

122 18

76.6933 38

72.1264 29

75.25 8

122 21

16.2228 12

58.5862 19

117.011 22

45.125 8

93.9373 7

64.7109 13

122 18

80.3762 22

74.9263 26

59.9405 24

122 19

122 20

122 20

23.1526 37
83.9196 38

122 19

122 20

61.1958 31

84.0991 28

26.0754 19
95.9246 20

8.5214 18
113.479 19

122 20

121.591 19
0.409272 20

64.7063 37

114.429 38

81.1294 12

80.8747 22

71.5399 37

122 18

100.147 32

122 22

73.039 25

65.7043 7

63.6679 39

122 18

122 19

107.065 34

122 19

61.2879 16

82.3942 35

58.116 19

27.4653 10
28.1427 11

65.0078 36

78.2782 19

112.931 20
9.06923 21

72.1696 37

92.5265 7

122 18

98.8474 20

42.9852 5
27.4653 6

75.0817 8
23.1526 9

122 20

122 21

98.8474 19
23.1526 20

122 19

96.7034 11

122 19

94.1793 24

122 18

10.6546 32
111.345 33

112.491 39

122 21

122 20

122 19

26.6158 19
95.3842 20

19.1934 0

43.5928 8

122 21

122 20

45.799 4

77.4964 27

34.6811 22

122 20

122 20

94.8132 19

122 19

65.0126 25

94.3986 5

122 18

122 21

65.9363 25

105.079 5

51.9402 0

122 18

68.9848 1

100.747 4

70.0486 29

122 19

58.2217 25
27.4653 26

100.663 33

95.3336 35

122 21

76.4856 1

122 18

122 21

122 20

122 20

8.94316 20
113.057 24

122 19

122 19

122 21

122 19

9.3545 21
112.645 24

81.6092 27

111.685 17
10.3149 18

91.0621 20
30.9379 21

122 20

22.9571 19
99.0429 20

53.8546 27

100.301 9

59.2004 39

44.436 4

122 20

89.6793 3

122 18

122 19

122 20

122 22

52.1932 36

95.9598 19

122 18

27.4653 2
21.3682 3

122 20

99.0429 20
22.9571 21

61.5483 27
27.4653 28

95.3842 18
26.6158 19

30.9901 18
91.0099 19

122 20

122 21

122 21

94.5347 20

122 20

122 21

82.6817 0

94.5347 19
27.4653 20

122 21

95.4263 25

122 20

122 19

122 19

76.5331 32

80.1273 9

69.0987 13

122 20

122 19

122 18

75.25 31

60.4425 16

71.8957 35

98.8474 20
23.1526 21

122 19

122 19

122 20

74.1559 3

54.5711 3

122 20

122 21

56.6509 9

122 18

122 20

67.1212 20

21.2212 21

122 19

70.2911 27

122 21

68.9016 39

66.3039 17

122 18

122 20

86.7758 38

122 20

122 18

122 19

75.25 19

122 19

100.47 17

101.103 29

122 19

68.8465 36

56.5964 37

122 20

122 19

122 21

122 20

122 19

88.4137 17

90.3159 19
31.6841 20

122 19

122 21

122 20

70.0221 1

122 20

101.504 17

122 21

122 20

122 21

27.1868 18
94.8132 19

70.6201 3

81.3369 10

122 21

122 21

122 19

74.1499 38

60.3462 12

122 19

90.6164 0

73.4706 20

122 18

80.1714 39

99.0429 21

122 22

122 22

122 18

122 18

122 20

122 18

122 21

122 22

58.116 27

71.0324 10

122 20

122 21

94.5347 21
27.4653 22

55.2373 4

122 20

72.879 6

122 20

122 20

58.5346 32

69.0842 22
22.9571 23

62.9896 7

51.8948 11

122 18

51.9184 21

75.5139 0

122 21

44.8246 0

57.6317 36

122 20

73.3317 38

86.9902 20

59.7921 3

122 19

23.1526 18
98.8474 19

122 20

122 21

122 21

122 18

122 19

122 19

46.8388 29

94.5347 17
27.4653 18

61.7687 12

122 20

122 20

122 19

56.9066 14

122 16

98.209 2

122 20

69.076 17

122 22

87.6742 9

122 20

101.675 16
20.3248 18

122 21

122 19

122 19

122 20

122 17

122 21

99.0429 20

67.4421 31

122 17

80.0273 35

4.27823 20
117.722 21

122 20

122 20

75.25 3

122 18

61.1914 16

122 21

109.229 11

22.9571 30
34.1703 31

74.2029 30

122 19

1.37829 17
109.173 18

81.4167 30
26.0402 31

122 18

122 20

66.8757 23

122 18

122 21

122 20

122 17

48.5492 35

110.13 3

117.827 1

70.4093 35

122 18

122 19

94.9559 32

122 19

67.248 0

46.1683 3

48.0579 38

26.0402 34
85.2877 35

122 21

122 20

122 20

52.0974 21
23.1526 22

116.76 23

122 18

104.733 1

105.04 12

122 20

122 19

35.3228 20
86.6772 21

122 18

95.5423 38

48.6899 27

122 21

95.9246 19
26.0754 20

54.8582 32

122 19

122 21

6.0219 21

60.3396 15

122 19

107.412 35

122 20

122 21

94.8132 19

102.071 7

122 18

122 21

85.2505 7

98.8474 21
23.1526 22

41.5616 20

122 20

51.3641 28

122 20

122 20

66.6227 12

23.1526 17
53.9533 18

122 20

23.1526 34
78.0406 35

122 19

98.8474 18

32.4493 18
89.5507 19

90.3831 20

122 17

75.25 29

57.2419 30

122 18

94.3946 17

76.7872 1

122 20

122 19

23.6761 20

122 21

122 21

122 20

122 21

17.8557 16

122 20

35.784 19
30.9901 22
55.2259 23

122 19

59.0274 19

55.2692 7

122 21

108.038 23

122 18

11.6744 19
110.326 20

122 20

63.6557 1

122 19

122 21

93.7542 0

23.1526 5
58.8764 6

122 18

26.0754 17
95.9246 18

122 21

122 19

122 20

122 20

122 19

4.66856 39

68.5289 4

99.4564 32

23.1526 20
98.8474 21

122 20

77.0433 14

122 18

122 19

95.9246 18
26.0754 19

98.5909 11

42.5352 5

59.1211 33

66.62 22

122 22

122 18

23.1526 17
98.8474 18

96.5073 3

81.3965 18

77.0744 29

122 21

77.3021 35

122 18

104.742 29

57.6035 36

122 19

122 19

38.7716 12

73.6761 38

96.0843 12

122 19

122 21

122 20

58.6663 7

93.2111 13

77.4686 11

122 19

122 21

122 19

122 18

69.209 7
22.9571 8

26.0754 19
95.9246 20

15.989 17
18.5654 18
87.4455 20

122 17

122 19

122 20

122 20

122 19

122 20

98.8474 18
23.1526 19

122 18

122 21

122 22

79.6948 31

122 19

122 17

64.5256 32

85.0662 39

122 20

105.007 27

76.5365 15

122 20

93.9315 18
28.0685 19

26.0754 19
95.9246 20

122 18

122 18

104.088 21

98.8474 20
23.1526 21

122 18

122 18

122 16

122 19

122 19

26.0754 20
95.9246 21

122 21

64.4577 37

79.8216 32

58.0411 14

37.8335 17
84.1665 18

72.6049 17

27.4653 18
93.3703 19

122 19

122 21

96.4642 20

122 21

122 20

57.195 34

122 17

122 20

50.3253 10

48.1885 0

74.1852 39

122 19

51.0321 30
23.1526 31

99.0429 18
22.9571 19

71.1907 33

98.8474 20
23.1526 21

104.005 19

122 20

90.9775 15

122 18

88.7593 19
33.2407 20

122 18

122 18

122 21

61.5548 9

78.2788 34

81.8349 4

122 21

122 17

94.8132 18
27.1868 19

64.158 19
57.842 20

122 20

122 20

122 21

122 19

122 20

122 20

105.207 28

67.4873 19

122 21

122 19

122 19

27.4653 6
36.0918 7

122 21

99.0429 19

92.243 38

42.6917 19

122 21

122 19

22.9571 18
99.0429 19

122 21

109.398 31

122 19

113.109 9

8.22589 12

122 19

122 19

91.0099 20
30.9901 21

122 21

122 18

122 20

89.5214 9

92.3336 21

95.9246 18
26.0754 19

73.9027 35

82.0227 37

122 19

122 18

104.419 7

67.558 39

122 21

65.2748 7

72.9909 22

63.6838 4

54.9915 27

122 21

122 20

75.25 18

122 20

122 20

4.57481 19
11.571 20
105.854 23

110.946 16
11.054 17

35.2461 20
86.7539 21

122 21

46.7843 21

122 22

66.9634 28

90.8864 39

99.399 1

122 18

98.8474 18
23.1526 19

122 20

105.998 32

122 20

122 19

85.923 3

111.387 23

52.0206 35

35.8946 20

122 18

122 21

122 19

92.1557 21
29.8443 22

122 20

66.556 15

122 18

60.4348 2

122 21

64.5455 12

122 22

122 19

89.0007 10

68.9968 30

97.5388 21
24.4612 22

122 19

122 20

122 19

122 18

122 20

98.8474 18
23.1526 19

88.2024 30

122 19

28.126 20
93.874 21

94.5347 20

62.5499 32

58.9262 38

122 21

96.229 18
25.771 20

122 22

113.767 2

122 21

72.2115 37

67.45 20
54.55 21

122 18

122 20

57.8749 39

89.8989 7

94.5347 20
27.4653 21

122 21

122 22

122 19

122 20

102.456 23

94.6766 11

122 21

23.1526 20
98.8474 21

122 20

71.5584 22

94.8132 18

92.8829 35

122 20

87.163 37

122 21

21.624 21
100.376 22

37.1919 21

122 20

27.7968 14

122 21

122 18

122 19

122 19

122 21

91.4426 23

75.25 17

87.2739 6

98.8474 18
23.1526 19

80.9168 21

122 19

122 21

122 19

122 20

119.206 16
2.79414 19

112.764 23

58.8075 38

79.5762 14

3.5779 18
118.422 21

13.5231 26

66.9261 11

122 19

122 20

58.5769 28

68.8833 9

122 20

85.2354 29

66.3085 16

94.8132 19
27.1868 20

122 18

64.7995 6

56.4237 36

122 33

91.119 23

122 20

122 22

122 19

122 17

122 20

122 21

122 20

36.9796 12
27.4653 13

31.356 35

87.051 25

110.081 2

38.2491 0

122 18

122 21

66.951 39

122 20

122 20

54.8577 17

46.328 5

80.2318 13

122 22

122 20

67.4648 2

122 23

122 21

122 18

75.6792 24

31.674 20
90.326 21

122 20

91.4617 10

1.24614 20
120.754 21

38.1182 25

71.468 36

24.4838 35

122 20

93.9026 17

122 19

66.4005 32

122 21

78.1085 7

122 21

44.8938 19
23.1526 20

68.6031 5

68.7621 9

99.0429 21
22.9571 22

75.25 28

45.2703 24

122 20

122 21

103.915 21

32.9396 16
77.847 18
11.2135 19

122 20

122 19

122 18

79.3431 4

122 18

122 20

122 22

122 20

69.6717 23

44.2599 18

122 19

1.25732 19

122 17

122 21

77.6733 9

66.3586 39

54.4193 36

122 18

122 18

122 18

86.4151 30

122 22

78.2344 7

109.696 34

22.9571 20
99.0429 21

96.2956 16

122 21

68.9695 39

122 20

122 19

84.667 0

85.7434 7

73.7601 31

122 21

89.9778 19

51.9642 7

30.2517 20
91.7483 23

122 20

59.9906 24

99.1859 29

94.852 19

66.374 0

97.163 21

71.6856 37

71.2321 31

26.0402 17
95.9598 18

122 15

97.0252 39

122 18

122 19

85.4877 30

122 19

106.529 21

122 18

15.7685 19
106.231 20

91.0784 38

122 19

122 22

66.7548 27

122 20

122 19

73.039 12

122 18

59.7963 0
23.1526 1

122 21

73.039 10

95.9246 21
26.0754 22

76.3452 19

65.2369 14

122 19

122 21

122 20

122 17

122 22

122 20

122 21

122 19

58.6365 0

94.9458 18
27.0542 19

67.5361 32

91.5196 31

112.052 33

122 19

122 19

23.1526 18
98.8474 19

122 19

62.625 21

122 20

59.5219 13

63.6311 29

122 20

63.49 27

122 20

122 21

95.9246 21
26.0754 22

62.7226 6

122 20

98.8474 19
23.1526 20

122 18

69.424 13

62.1518 38

23.5925 19
98.4075 20

122 21

115.175 19
6.82512 20

122 22

122 19

122 21

122 17

122 18

122 18

44.9081 19
77.0919 20

122 18

95.425 31

44.622 37

63.1927 26
27.1868 27

122 20

94.8132 18
27.1868 19

4.58283 37
66.8586 38

13.6361 18
23.1526 19
57.746 24
27.4653 25

122 20

65.3044 5

64.8873 9

122 22

122 20

71.1126 18
7.36562 19

103.479 12

122 20

122 19

26.0754 17
95.9246 18

105.165 12
16.8353 20

114.69 33

122 21

122 20

122 18

122 19

122 19

122 21

69.269 26

73.0581 21

43.474 22

108.536 21

31.4074 21
26.0402 22

122 18

122 18

122 21

15.5847 17
106.415 19

68.4169 10

85.9168 37

122 19

122 18

122 21

122 18

122 20

70.8115 37

26.0754 20
95.9246 21

59.5839 12

27.4653 18
94.5347 19

122 18

122 19

56.33 30

114.057 29

72.0638 15

122 20

122 20

93.3192 19
28.6808 20

84.7695 7

96.0324 0

122 20

85.2354 24

122 19

75.25 19

61.11 29

36.9402 20

88.4707 12

56.8504 11

42.1011 38
30.9379 39

92.0064 36

75.25 22

49.969 22

122 20

98.8474 19

23.2085 0

36.008 36
23.1526 37

59.2702 39

122 19

77.3263 36

122 19

122 19

76.5398 31

122 18

122 20

122 21

97.7115 8

39.6718 39

23.1526 33
41.7885 34

122 20

83.9639 7

96.38 18

41.5438 17
1.1466 18

69.2097 38

98.8474 21
23.1526 22

122 20

71.8072 24

25.2075 0

27.4653 37
56.958 38

85.8316 5

122 18

122 20

122 20

48.5873 19

95.9246 19

55.1605 28

26.0402 38
46.9988 39

73.7016 9

76.4793 21
26.6098 22

122 20

122 20

108.415 25

98.8474 21
23.1526 22

85.2354 22

122 18

22.9571 23
61.0015 24

122 19

26.0402 20
95.9598 21

122 20

107.939 25

122 19

98.8474 18
23.1526 19

106.954 9

122 19

122 19

113.124 38

122 21

122 18

122 18

84.7407 39

64.2674 7

100.843 20
21.1574 21

122 19

92.1493 0

122 18

122 19

115.889 1

122 19

122 20

23.1526 30
70.1772 31

27.4653 17
94.5347 18

7.7853 20
63.8548 21

122 20

122 18

24.8016 19
97.1984 21

122 19

89.5368 2

122 19

69.5073 33

122 20

122 19

68.8972 7

122 20

63.5457 15

122 19

122 18

122 20

100.839 28

122 19

29.9713 19
92.0287 21

122 19

55.172 30

104.608 38

15.7053 18
106.295 20

69.3503 9

64.3073 32

34.9961 0

122 19

122 22

122 20

93.1033 37

122 17

27.1868 18
94.8132 19

94.8132 18
27.1868 19

122 18

65.2018 12

72.2502 20

73.039 35

122 21

47.5683 20

122 20

73.039 39

104.209 13

122 19

122 19

107.747 26

90.4031 12

122 19

92.7454 13

95.9598 19
26.0402 20

119.308 17
2.6925 19

6.49904 18

11.7274 20
110.273 21

1.73104 19

51.1091 36

69.5454 11

83.6102 28

122 21

122 19

122 21

101.595 17

122 20

98.8474 18
23.1526 19

122 20

47.222 33

122 21

105.18 6

90.8892 0

122 19

31.3168 20

122 20

76.798 0
18.0181 1

122 20

122 19

77.7708 11

23.1526 20
98.8474 21

122 20

23.1526 0
65.8672 1

122 19

122 20

95.9246 21
26.0754 22

122 17

122 18

122 18

122 20

82.0536 37

113.668 8

39.0456 20

122 19

122 19

122 19

122 18

122 19

122 19

100.749 12

41.3762 15
23.1526 16

122 20

122 20

24.011 20

104.352 19

61.377 14

122 19

76.0036 30

122 20

86.5187 26

122 22

122 20

122 18

122 21

122 17

69.9361 31

43.1561 23

48.0632 9

120.433 20

122 19

122 21

122 20

122 19

122 19

77.514 14

46.9884 8

75.9194 20

122 18

26.3155 19
95.6845 20

64.8059 13

36.0405 26

122 18

99.1166 7

55.7943 37

72.7811 28
22.9571 29

60.7543 18

122 20

122 20

75.25 17

48.4695 36

90.326 19
31.674 20

89.4263 35

54.3689 26

122 19

122 17

122 20

122 20

68.6353 2

122 19

26.6158 17
95.3842 18

122 20

32.5756 18

111.489 10

69.6536 8

87.3812 5

115.597 15
6.40294 17

69.8579 27

122 21

122 20

33.5328 18
88.4672 19

122 18

122 20

122 19

122 20

122 18

122 20

108.776 16

75.25 19

23.1526 18
98.8474 19

59.483 17

122 19

122 18

22.9571 21
99.0429 22

84.7038 17

22.9571 18
99.0429 19

67.8226 25
23.1526 26

98.2377 39

72.2032 18

122 21

82.7111 3

67.8534 34
23.2961 35

90.1873 30

67.6423 26

122 20

78.8038 23

95.7785 3

122 18

91.4201 9

117.865 18
4.13482 19

23.1526 38
32.1142 39

119.063 27

101.802 12

38.9301 23
22.9571 24

26.0754 19
95.9246 20

83.3848 3

106.921 20
15.0793 21

85.2179 24

122 21

27.4653 19
94.5347 20

122 20

23.1526 19
98.8474 20

94.0888 11

22.9571 17
49.159 18

59.0535 20

86.4374 34

122 19

122 19

104.119 20

122 21

58.9943 9

3.22472 32
59.7289 33

122 17

83.3101 36

62.7723 5

122 17

32.4582 32

31.8021 20
27.1868 21

85.5891 9

122 22

122 21

76.0112 8

122 20

122 19

100.368 31

122 18

122 18

92.4911 14

122 18

33.3265 8
26.0754 9

57.2589 32

122 21

122 20

27.4653 19
53.4555 20

46.627 39

57.1106 10

98.8474 22

31.814 18
90.186 19

122 20

111.835 18
10.1646 19

122 19

122 17

122 18

71.2667 18

82.0125 30

122 19

92.4048 29

59.2105 12

122 21

68.9576 33

22.9571 19
99.0429 20

87.7506 14

23.1526 20
34.5639 21

122 18

87.7583 32

122 18

27.4653 35
44.934 36

122 18

71.8377 28

122 19

122 19

75.1588 26

104.711 17
17.2892 18

119.068 18
2.93151 19

122 20

94.8132 20
27.1868 21

80.5666 0

122 19

122 21

85.6065 4

122 21

45.7084 11

122 18

52.4065 3

122 18

96.9441 25

73.039 5

69.2127 13

122 21

122 21

122 18

67.9463 28

30.801 8

122 19

122 21

122 19

72.9616 38

64.3502 7

107.471 10

97.0809 16

122 18

122 19

61.1745 36

122 18

122 20

99.0429 20
22.9571 21

122 20

122 20

122 18

25.3384 20
96.6616 21

85.4726 17

55.7361 15

122 19

33.2976 1

81.2415 29

122 19

99.0429 20
22.9571 21

122 19

122 20

94.967 39

61.2154 18

122 19

122 20

122 19

30.447 35

89.9279 17
32.0721 18

7.84669 19
114.153 20

122 21

122 19

122 19

122 18

71.0269 29
25.7658 30

95.531 37

94.4654 30

77.2447 6

59.9689 22

91.0034 3

122 21

89.7463 23

122 19

122 19

122 20

122 21

122 22

73.1853 38

122 20

111.767 15
10.2325 20

122 20

64.6759 28

74.0653 10

108.255 20
13.7447 21

50.8419 0

62.3525 33

122 19

122 20

122 20

56.811 0

122 18

122 18

122 18

79.346 39

104.53 26

106.895 28

122 18

102.494 16

122 18

122 21

122 20

122 20

90.8285 3

75.4266 0

122 21

67.1326 28

70.8579 23

122 19

122 18

79.4632 7

122 19

102.052 29

106.422 29

117.77 19
4.2297 20

122 20

122 19

122 21

122 19

47.923 20

122 19

122 20

122 19

85.2354 9

85.5086 4

122 21

122 17

67.312 24

122 17

26.6098 7
43.6798 8

122 20

122 19

122 17

96.7862 28

68.4171 25

34.2968 20

67.118 33

122 18

122 18

122 20

91.0141 14

8.0416 20
113.958 21

122 18

122 19

23.1526 19
98.8474 20

56.2171 18
65.7829 19

122 20

67.751 9

122 18

100.481 5

122 20

92.7661 17

88.2973 19
33.7027 20

122 20

23.1526 19
98.8474 20

122 19

73.039 30

77.1355 16

122 19

122 20

72.5479 0

122 19

122 18

93.9529 20
28.0471 21

122 21

59.1801 0

97.7865 36

53.3838 3
